#tcid basin year tc month timestep lon lat vmax pmin rmw r18
3261 NI 0 0 5 0 93.2956 18.2348 70.65 918.95 6.0 44.0
3261 NI 0 0 5 1 93.802 18.5748 70.3 918.94 10.9 66.8
3261 NI 0 0 5 2 94.284 18.8563 69.95 919.0 15.8 89.6
3261 NI 0 0 5 3 94.8889 19.1983 69.61 918.15 20.7 112.5
3261 NI 0 0 5 4 95.6837 19.6863 51.01 949.56 25.6 135.3
3261 NI 0 0 5 5 96.7738 20.4439 40.25 968.3 30.5 158.1
3261 NI 0 0 5 6 97.6177 21.142 33.24 976.76 35.4 180.9
3261 NI 0 0 5 7 98.4552 21.8582 28.31 981.57 40.3 203.7
3261 NI 0 0 5 8 99.2918 22.5778 24.65 986.34 45.2 212.7
3261 NI 0 0 5 9 100.1938 23.3007 21.83 992.6 45.2 122.8
3261 NI 0 0 5 10 101.0979 24.0111 19.59 996.62 45.2 75.3
3261 NI 0 0 5 11 102.0049 24.7086 17.77 999.02 45.2 48.4
3262 NI 0 1 6 0 70.1259 22.555 50.77 936.35 29.6 342.4
3262 NI 0 1 6 1 70.7721 23.092 48.48 940.88 42.5 291.6
3262 NI 0 1 6 2 71.1546 23.6227 46.39 945.02 55.3 240.8
3262 NI 0 1 6 3 71.724 24.1032 28.78 971.31 68.2 190.0
3262 NI 0 1 6 4 72.4205 24.5332 20.86 984.36 68.2 112.9
3263 NI 0 2 11 0 88.5506 18.1948 66.38 927.64 37.2 181.5
3263 NI 0 2 11 1 88.5625 18.9128 64.14 931.78 40.6 177.7
3263 NI 0 2 11 2 88.6337 19.8809 62.04 935.66 43.9 173.9
3263 NI 0 2 11 3 89.0527 20.5953 60.07 939.07 47.3 170.1
3263 NI 0 2 11 4 89.7882 21.5599 58.22 942.24 50.7 166.2
3263 NI 0 2 11 5 90.2541 22.5611 56.49 945.15 54.1 162.4
3263 NI 0 2 11 6 90.3999 22.9198 54.85 947.89 57.5 158.6
3263 NI 0 2 11 7 90.8914 23.7212 38.88 972.57 60.9 154.8
3263 NI 0 2 11 8 91.3511 24.5027 30.12 984.7 64.2 151.0
3263 NI 0 2 11 9 91.8349 25.2679 24.58 994.37 67.6 141.8
3263 NI 0 2 11 10 92.3483 26.0169 20.76 999.52 67.6 98.1
3263 NI 0 2 11 11 92.8903 26.7515 17.97 1003.25 67.6 71.6
3264 NI 1 0 10 0 70.3552 15.5696 76.23 906.14 9.5 195.4
3264 NI 1 0 10 1 70.3946 16.2378 71.48 915.08 10.5 191.1
3264 NI 1 0 10 2 70.4264 16.846 67.28 922.82 11.4 186.7
3264 NI 1 0 10 3 70.4795 17.238 63.55 929.56 12.3 182.4
3264 NI 1 0 10 4 70.5476 17.5225 60.21 935.45 13.3 178.1
3264 NI 1 0 10 5 70.5095 18.0512 57.21 940.6 14.2 173.8
3264 NI 1 0 10 6 70.4687 18.5989 54.49 945.17 15.1 169.5
3264 NI 1 0 10 7 70.5567 18.8708 52.01 949.3 16.1 165.2
3264 NI 1 0 10 8 70.6899 19.0753 49.76 952.99 17.0 160.9
3264 NI 1 0 10 9 70.8042 19.3571 47.69 956.34 17.9 156.6
3264 NI 1 0 10 10 70.911 19.7017 45.78 959.27 18.9 152.2
3264 NI 1 0 10 11 71.0078 20.1224 44.02 961.99 19.8 147.9
3264 NI 1 0 10 12 71.0822 20.2781 42.39 964.53 20.7 143.6
3264 NI 1 0 10 13 71.1253 20.4276 40.88 966.86 21.7 139.3
3264 NI 1 0 10 14 71.1533 20.5545 39.47 969.02 22.6 135.0
3264 NI 1 0 10 15 71.1814 20.654 38.16 971.14 23.5 130.7
3264 NI 1 0 10 16 71.2245 20.731 36.93 973.0 24.5 126.4
3264 NI 1 0 10 17 71.3026 20.7979 35.78 974.74 25.4 122.1
3264 NI 1 0 10 18 71.3956 20.8574 34.69 976.19 26.3 117.7
3264 NI 1 0 10 19 71.4812 20.9206 33.67 977.71 27.3 113.4
3264 NI 1 0 10 20 71.5668 20.9838 29.54 983.39 28.2 109.1
3264 NI 1 0 10 21 71.6561 21.0545 26.31 987.7 29.1 104.8
3264 NI 1 0 10 22 71.738 21.1102 23.72 991.57 30.1 84.1
3264 NI 1 0 10 23 71.8098 21.1384 21.59 995.02 30.1 61.2
3264 NI 1 0 10 24 71.8591 21.1366 19.81 997.62 30.1 45.7
3264 NI 1 0 10 25 71.8772 21.1585 18.3 999.53 30.1 35.0
3265 NI 1 1 5 0 91.6346 21.7272 68.43 914.36 27.3 183.3
3265 NI 1 1 5 1 92.3882 22.086 63.72 924.26 28.3 168.8
3265 NI 1 1 5 2 92.8493 22.5042 59.62 931.66 29.2 154.3
3265 NI 1 1 5 3 93.1505 23.0918 38.86 966.65 30.1 139.8
3265 NI 1 1 5 4 93.5224 23.6927 28.82 981.11 31.1 125.3
3265 NI 1 1 5 5 94.23 24.1004 22.91 987.7 32.0 81.8
3265 NI 1 1 5 6 94.8163 24.2379 19.01 992.17 32.0 42.7
3266 NI 1 2 6 0 66.616 20.5005 56.76 937.7 57.9 292.9
3266 NI 1 2 6 1 66.357 20.5496 55.89 939.09 58.7 292.4
3266 NI 1 2 6 2 66.1554 20.6336 55.04 940.18 59.5 291.9
3266 NI 1 2 6 3 65.9426 20.6327 54.22 941.55 60.3 291.5
3266 NI 1 2 6 4 65.7947 20.6168 53.43 943.1 61.1 291.0
3266 NI 1 2 6 5 65.6507 20.5584 52.65 944.39 61.9 290.5
3266 NI 1 2 6 6 65.4841 20.5 51.9 945.63 62.6 290.0
3266 NI 1 2 6 7 65.265 20.4916 51.17 946.74 63.4 289.5
3266 NI 1 2 6 8 65.0235 20.4832 50.47 947.89 64.2 289.0
3266 NI 1 2 6 9 64.7044 20.4747 49.78 948.91 65.0 288.6
3266 NI 1 2 6 10 64.4628 20.4163 49.1 950.0 65.8 288.1
3266 NI 1 2 6 11 64.2112 20.4005 48.45 950.95 66.6 287.6
3266 NI 1 2 6 12 63.7022 20.3995 47.81 951.86 67.4 287.1
3266 NI 1 2 6 13 63.3894 20.4335 47.19 952.83 68.2 286.6
3266 NI 1 2 6 14 63.0416 20.4827 46.59 953.66 69.0 286.2
3266 NI 1 2 6 15 62.7862 20.5242 46.0 954.46 69.8 285.7
3266 NI 1 2 6 16 62.4309 20.5658 45.43 955.35 70.6 285.2
3266 NI 1 2 6 17 62.1644 20.6149 44.87 956.08 71.4 284.7
3266 NI 1 2 6 18 61.7703 20.649 44.32 956.44 72.2 284.2
3266 NI 1 2 6 19 61.4675 20.7018 43.79 957.25 73.0 283.7
3266 NI 1 2 6 20 61.3097 20.7322 43.27 957.89 73.8 283.3
3266 NI 1 2 6 21 61.1583 20.6919 42.76 958.67 74.5 282.8
3266 NI 1 2 6 22 61.199 20.7154 42.26 959.42 75.3 282.3
3266 NI 1 2 6 23 61.5187 20.8319 41.78 960.28 76.1 281.8
3266 NI 1 2 6 24 61.8884 21.0485 41.3 961.09 76.9 281.3
3266 NI 1 2 6 25 62.1518 21.3719 40.84 961.4 77.7 280.9
3266 NI 1 2 6 26 62.3278 21.6817 40.39 961.71 78.5 280.4
3266 NI 1 2 6 27 62.3827 21.8307 39.95 962.49 79.3 279.9
3266 NI 1 2 6 28 62.5171 22.0077 39.51 963.1 80.1 279.4
3266 NI 1 2 6 29 62.8699 22.2667 39.09 963.39 80.9 278.9
3266 NI 1 2 6 30 63.2365 22.598 38.67 964.06 81.7 278.5
3266 NI 1 2 6 31 63.3914 22.9518 38.27 964.43 82.5 278.0
3266 NI 1 2 6 32 63.4959 23.2312 37.87 964.7 83.3 277.5
3266 NI 1 2 6 33 63.7055 23.3575 37.48 965.24 84.1 277.0
3266 NI 1 2 6 34 64.0352 23.3644 37.1 965.89 84.9 276.5
3266 NI 1 2 6 35 64.5127 23.2992 36.72 966.52 85.7 276.0
3266 NI 1 2 6 36 65.0746 23.1975 36.36 967.13 86.4 275.6
3266 NI 1 2 6 37 65.4693 23.1891 36.0 967.71 87.2 275.1
3266 NI 1 2 6 38 65.8494 23.1721 35.64 968.23 88.0 274.6
3266 NI 1 2 6 39 66.2151 23.1465 35.3 968.79 88.8 274.1
3266 NI 1 2 6 40 66.5679 23.1131 34.96 969.66 89.6 273.6
3266 NI 1 2 6 41 66.9016 23.0736 34.63 970.22 90.4 273.2
3266 NI 1 2 6 42 67.224 23.029 34.3 970.69 91.2 272.7
3266 NI 1 2 6 43 67.5321 22.9772 33.98 971.23 92.0 272.2
3266 NI 1 2 6 44 67.8258 22.9183 33.67 971.69 92.8 271.7
3266 NI 1 2 6 45 68.1053 22.8521 33.36 972.24 93.6 271.2
3266 NI 1 2 6 46 68.3782 22.7852 33.06 972.77 94.4 270.7
3266 NI 1 2 6 47 68.6378 22.712 32.76 973.21 95.2 270.3
3266 NI 1 2 6 48 68.8841 22.6323 32.47 973.77 96.0 269.8
3266 NI 1 2 6 49 69.1279 22.5565 32.18 974.43 96.8 269.3
3266 NI 1 2 6 50 69.3595 22.4752 31.9 974.84 97.6 268.8
3266 NI 1 2 6 51 69.5789 22.3884 31.62 975.28 98.3 268.3
3266 NI 1 2 6 52 69.7862 22.2961 31.35 975.68 99.1 267.9
3266 NI 1 2 6 53 69.9815 22.1985 31.08 976.08 99.9 267.4
3266 NI 1 2 6 54 70.1803 22.1112 28.51 980.04 100.7 266.9
3266 NI 1 2 6 55 70.3571 22.0351 26.32 982.89 101.5 266.4
3266 NI 1 2 6 56 70.5224 21.9555 24.45 985.74 102.3 250.6
3266 NI 1 2 6 57 70.6762 21.8723 22.83 989.01 102.3 208.5
3266 NI 1 2 6 58 70.8188 21.7856 21.41 991.74 102.3 175.6
3266 NI 1 2 6 59 70.9502 21.6953 20.16 994.06 102.3 149.4
3266 NI 1 2 6 60 71.0918 21.6213 19.04 996.44 102.3 128.2
3266 NI 1 2 6 61 71.2232 21.5446 18.04 998.13 102.3 111.0
3267 NI 1 3 12 0 64.6012 18.0973 33.0 975.27 62.8 133.9
3267 NI 1 3 12 1 64.3389 18.2462 32.1 976.36 62.7 147.6
3267 NI 1 3 12 2 63.9095 18.4411 31.26 977.06 62.5 161.3
3267 NI 1 3 12 3 63.1673 18.7067 30.45 978.06 62.4 175.0
3267 NI 1 3 12 4 62.4178 18.9349 29.69 978.73 62.3 188.7
3267 NI 1 3 12 5 61.9295 18.9279 28.96 979.37 62.2 202.4
3267 NI 1 3 12 6 61.1762 19.1787 28.27 980.17 62.1 216.2
3267 NI 1 3 12 7 60.6819 19.3603 27.61 980.66 61.9 229.9
3267 NI 1 3 12 8 60.3345 19.4725 26.98 981.12 61.8 243.6
3267 NI 1 3 12 9 59.9315 19.4281 26.38 981.49 61.7 257.3
3267 NI 1 3 12 10 59.5094 19.3663 25.8 981.91 61.6 271.0
3267 NI 1 3 12 11 58.9458 19.3274 25.25 982.27 61.5 284.7
3267 NI 1 3 12 12 58.1011 19.3602 24.72 983.45 61.5 271.5
3267 NI 1 3 12 13 57.5353 19.7194 24.22 984.98 61.5 248.4
3267 NI 1 3 12 14 57.0594 20.154 23.73 986.3 61.5 227.7
3267 NI 1 3 12 15 56.6663 20.601 17.97 997.92 61.5 69.0
3268 NI 1 4 11 0 88.2846 19.4715 70.77 904.97 33.4 251.5
3268 NI 1 4 11 1 88.5579 19.8565 70.31 905.68 37.1 256.6
3268 NI 1 4 11 2 89.0216 20.3049 69.86 906.32 40.9 261.6
3268 NI 1 4 11 3 90.13 20.9814 69.41 906.82 44.7 266.6
3268 NI 1 4 11 4 91.192 21.6217 68.96 907.26 48.4 271.6
3268 NI 1 4 11 5 92.1721 22.1369 68.52 907.99 52.2 276.7
3268 NI 1 4 11 6 92.9456 22.7218 68.09 910.62 56.0 281.7
3268 NI 1 4 11 7 93.8631 23.1718 49.75 942.47 59.7 286.7
3268 NI 1 4 11 8 94.7326 23.5552 39.2 956.52 63.5 291.8
3268 NI 1 4 11 9 95.6178 24.0386 32.33 965.83 67.2 296.8
3268 NI 1 4 11 10 96.5159 24.5127 27.52 971.88 71.0 301.8
3268 NI 1 4 11 11 97.4351 24.9777 23.95 979.22 74.8 258.9
3268 NI 1 4 11 12 98.3737 25.4332 21.2 987.24 74.8 159.8
3268 NI 1 4 11 13 99.3453 25.8772 19.02 992.05 74.8 103.9
3269 NI 3 0 11 0 70.3521 20.2848 77.88 903.01 8.7 229.1
3269 NI 3 0 11 1 70.7306 20.8817 75.0 908.66 10.3 225.7
3269 NI 3 0 11 2 71.1436 21.4342 72.32 914.13 11.9 222.2
3269 NI 3 0 11 3 71.5901 21.9192 62.12 932.53 13.5 218.8
3269 NI 3 0 11 4 72.0905 22.2885 54.44 945.52 15.0 215.3
3269 NI 3 0 11 5 72.6432 22.5371 48.46 955.17 16.6 211.9
3269 NI 3 0 11 6 73.23 22.7111 43.65 962.9 18.2 208.4
3269 NI 3 0 11 7 73.7516 23.0303 39.72 968.87 19.8 205.0
3269 NI 3 0 11 8 74.2808 23.3412 36.43 974.04 21.3 201.6
3269 NI 3 0 11 9 74.8247 23.6436 33.65 978.44 22.9 198.1
3269 NI 3 0 11 10 75.3799 23.9377 31.26 982.09 24.5 194.7
3269 NI 3 0 11 11 75.9474 24.2224 29.19 984.89 26.1 191.2
3269 NI 3 0 11 12 76.5428 24.4968 27.38 987.34 27.7 187.8
3269 NI 3 0 11 13 77.1532 24.7623 25.77 989.72 29.2 184.3
3269 NI 3 0 11 14 77.7811 25.0173 24.35 992.38 30.8 158.7
3269 NI 3 0 11 15 78.4245 25.2631 23.07 994.75 30.8 121.5
3269 NI 3 0 11 16 79.1085 25.4949 21.92 996.82 30.8 94.3
3269 NI 3 0 11 17 79.8149 25.7142 20.89 998.49 30.8 74.1
3269 NI 3 0 11 18 80.5401 25.9236 19.94 999.91 30.8 58.9
3269 NI 3 0 11 19 81.2893 26.1201 19.08 1001.18 30.8 47.3
3269 NI 3 0 11 20 82.0636 26.3036 18.28 1002.12 30.8 38.3
3269 NI 3 0 11 21 82.88 26.4677 17.56 1002.98 30.8 31.3
3270 NI 3 1 6 0 65.9298 20.5646 48.96 956.67 38.9 172.5
3270 NI 3 1 6 1 65.7604 20.6718 46.24 960.52 41.2 171.5
3270 NI 3 1 6 2 65.3409 20.9991 43.81 964.11 43.4 170.4
3270 NI 3 1 6 3 65.1713 21.0238 41.62 967.41 45.7 169.3
3270 NI 3 1 6 4 64.7521 21.0336 39.63 970.26 48.0 168.2
3270 NI 3 1 6 5 64.0751 21.3221 37.83 972.43 50.3 167.2
3270 NI 3 1 6 6 63.6632 21.6181 36.19 974.62 52.5 166.1
3270 NI 3 1 6 7 63.2824 21.6603 34.68 976.34 54.8 165.0
3270 NI 3 1 6 8 63.1743 21.7026 33.29 978.28 57.1 163.9
3270 NI 3 1 6 9 63.0798 21.9873 32.01 979.99 59.3 162.9
3270 NI 3 1 6 10 62.7354 22.0371 30.83 981.48 61.6 161.8
3270 NI 3 1 6 11 62.616 22.3756 29.73 982.63 63.9 160.7
3270 NI 3 1 6 12 61.9965 22.4716 28.7 983.83 66.2 159.6
3270 NI 3 1 6 13 61.6408 22.7851 27.74 984.6 68.4 158.6
3270 NI 3 1 6 14 61.8077 23.1061 26.85 985.72 70.7 157.5
3270 NI 3 1 6 15 61.7557 23.2159 26.01 986.56 73.0 156.4
3270 NI 3 1 6 16 61.4688 23.5907 25.22 987.52 75.2 155.3
3270 NI 3 1 6 17 61.4318 23.7229 24.48 988.42 75.2 148.9
3270 NI 3 1 6 18 61.3799 24.0752 23.78 989.47 75.2 140.3
3270 NI 3 1 6 19 61.2519 24.3432 23.12 990.15 75.2 132.5
3270 NI 3 1 6 20 61.091 24.3263 22.5 991.14 75.2 125.4
3270 NI 3 1 6 21 60.8775 24.3879 21.9 992.04 75.2 118.7
3270 NI 3 1 6 22 60.8521 24.2442 21.34 992.79 75.2 112.6
3270 NI 3 1 6 23 60.8327 24.2639 20.81 993.6 75.2 107.0
3270 NI 3 1 6 24 60.8133 24.3287 20.3 994.35 75.2 101.7
3270 NI 3 1 6 25 60.8087 24.4559 19.82 995.04 75.2 96.9
3270 NI 3 1 6 26 60.7744 24.6132 19.36 995.69 75.2 92.4
3270 NI 3 1 6 27 60.6751 24.7605 18.92 996.23 75.2 88.1
3270 NI 3 1 6 28 60.5355 24.8977 18.5 996.82 75.2 84.2
3270 NI 3 1 6 29 60.4661 25.04 18.09 997.37 75.2 80.5
3270 NI 3 1 6 30 60.3912 25.1715 17.71 997.89 75.2 77.1
3271 NI 4 0 6 0 65.9537 18.46 52.17 938.87 34.2 217.7
3271 NI 4 0 6 1 65.774 18.5731 51.01 940.7 34.6 216.0
3271 NI 4 0 6 2 65.3444 18.9064 49.9 942.04 35.0 214.4
3271 NI 4 0 6 3 65.1646 18.937 48.84 943.76 35.3 212.7
3271 NI 4 0 6 4 64.7351 18.9528 47.83 945.32 35.7 211.1
3271 NI 4 0 6 5 64.0479 19.2472 46.85 946.4 36.1 209.5
3271 NI 4 0 6 6 63.6258 19.5492 45.92 947.74 36.4 207.8
3271 NI 4 0 6 7 63.2348 19.5973 45.02 949.05 36.8 206.2
3271 NI 4 0 6 8 63.1164 19.6456 44.16 950.05 37.2 204.5
3271 NI 4 0 6 9 63.0117 19.9363 43.33 951.29 37.6 202.9
3271 NI 4 0 6 10 62.6571 19.992 42.53 952.41 37.9 201.2
3271 NI 4 0 6 11 62.5275 20.3365 41.75 953.2 38.3 199.6
3271 NI 4 0 6 12 61.8978 20.4384 41.01 954.2 38.7 198.0
3271 NI 4 0 6 13 61.5318 20.7579 40.29 954.76 39.0 196.3
3271 NI 4 0 6 14 61.6885 21.0848 39.6 955.75 39.4 194.7
3271 NI 4 0 6 15 61.6263 21.2005 38.93 956.42 39.8 193.0
3271 NI 4 0 6 16 61.3292 21.5812 38.28 957.18 40.2 191.4
3271 NI 4 0 6 17 61.282 21.7194 37.65 957.77 40.5 189.7
3271 NI 4 0 6 18 61.2199 22.0776 37.05 958.61 40.9 188.1
3271 NI 4 0 6 19 61.0817 22.3516 36.46 959.1 41.3 186.4
3271 NI 4 0 6 20 60.9106 22.3407 35.89 959.95 41.6 184.8
3271 NI 4 0 6 21 60.6868 22.4082 35.34 960.56 42.0 183.2
3271 NI 4 0 6 22 60.6513 22.2705 34.81 961.38 42.4 181.5
3271 NI 4 0 6 23 60.6216 22.2962 34.29 962.14 42.8 179.9
3271 NI 4 0 6 24 60.5919 22.3669 33.78 962.87 43.1 178.2
3271 NI 4 0 6 25 60.5772 22.5001 33.3 963.56 43.5 176.6
3271 NI 4 0 6 26 60.5326 22.6633 32.82 963.89 43.9 174.9
3271 NI 4 0 6 27 60.4231 22.8166 32.36 964.54 44.2 173.3
3271 NI 4 0 6 28 60.2733 22.9597 31.91 964.9 44.6 171.7
3271 NI 4 0 6 29 60.1937 23.1079 31.47 965.51 45.0 170.0
3271 NI 4 0 6 30 60.1052 23.2453 31.05 965.87 45.4 168.4
3271 NI 4 0 6 31 60.0113 23.3721 30.64 966.44 45.7 166.7
3271 NI 4 0 6 32 59.9103 23.4881 30.23 967.0 46.1 165.1
3271 NI 4 0 6 33 59.8021 23.5934 29.84 967.37 46.5 163.4
3271 NI 4 0 6 34 59.687 23.693 29.46 967.85 46.8 161.8
3271 NI 4 0 6 35 59.5649 23.7828 29.09 968.38 47.2 160.2
3271 NI 4 0 6 36 59.4356 23.863 28.72 968.88 47.6 158.5
3271 NI 4 0 6 37 59.2993 23.9335 28.37 969.32 48.0 156.9
3271 NI 4 0 6 38 59.1559 23.9944 28.02 969.8 48.3 155.2
3271 NI 4 0 6 39 59.0054 24.0458 27.69 970.28 48.7 153.6
3271 NI 4 0 6 40 58.848 24.0875 27.36 970.66 49.1 151.9
3271 NI 4 0 6 41 58.6869 24.1346 27.04 971.15 49.4 150.3
3271 NI 4 0 6 42 58.5359 24.1711 26.72 971.59 49.8 148.6
3271 NI 4 0 6 43 58.3796 24.1992 26.42 972.03 50.2 147.0
3271 NI 4 0 6 44 58.2179 24.2191 26.12 972.45 50.6 145.4
3271 NI 4 0 6 45 58.0509 24.2306 25.82 972.87 50.9 143.7
3271 NI 4 0 6 46 57.8786 24.2339 25.54 973.28 51.3 142.1
3271 NI 4 0 6 47 57.7011 24.2291 25.26 973.66 51.7 140.4
3271 NI 4 0 6 48 57.5214 24.2347 24.98 974.06 52.0 138.5
3271 NI 4 0 6 49 57.3367 24.2332 24.71 974.51 52.0 134.5
3271 NI 4 0 6 50 57.1471 24.2246 24.45 974.95 52.0 130.6
3271 NI 4 0 6 51 56.9526 24.209 24.19 975.39 52.0 126.8
3271 NI 4 0 6 52 56.7532 24.1866 23.94 976.33 52.0 123.2
3271 NI 4 0 6 53 56.5627 24.1757 23.7 976.75 52.0 119.8
3271 NI 4 0 6 54 56.3679 24.1588 20.32 983.56 52.0 78.5
3271 NI 4 0 6 55 56.169 24.1359 17.78 987.27 52.0 54.4
3272 NI 4 1 11 0 56.466 7.8953 54.58 949.54 49.3 210.4
3272 NI 4 1 11 1 56.2196 7.9919 50.6 956.28 47.7 201.6
3272 NI 4 1 11 2 56.0985 8.1577 47.17 961.98 46.1 192.7
3272 NI 4 1 11 3 55.9089 8.2556 44.17 966.81 44.5 183.9
3272 NI 4 1 11 4 55.7643 8.3535 41.52 971.05 42.8 175.1
3272 NI 4 1 11 5 55.6823 8.4588 39.18 974.71 41.2 166.3
3272 NI 4 1 11 6 55.6302 8.5492 37.09 977.94 39.6 157.4
3272 NI 4 1 11 7 55.5706 8.6046 35.21 980.84 38.0 148.6
3272 NI 4 1 11 8 55.496 8.645 33.51 983.52 36.3 139.8
3272 NI 4 1 11 9 55.3864 8.6928 31.97 985.87 34.7 131.0
3272 NI 4 1 11 10 55.2618 8.7407 30.56 988.06 33.1 122.1
3272 NI 4 1 11 11 55.1448 8.7961 29.27 990.02 31.5 113.3
3272 NI 4 1 11 12 55.0277 8.8364 28.09 991.82 29.8 104.5
3272 NI 4 1 11 13 54.9106 8.8418 27.0 993.49 28.2 95.7
3272 NI 4 1 11 14 54.7935 8.8322 25.99 995.11 26.6 86.8
3272 NI 4 1 11 15 54.6839 8.8375 25.05 996.55 24.9 78.0
3272 NI 4 1 11 16 54.5593 8.8279 24.18 997.88 24.9 70.1
3272 NI 4 1 11 17 54.4073 8.8133 23.36 999.11 24.9 62.8
3272 NI 4 1 11 18 54.2252 8.7237 22.6 1000.32 24.9 56.5
3272 NI 4 1 11 19 54.0231 8.5015 21.89 1001.31 24.9 51.0
3272 NI 4 1 11 20 53.791 8.2194 21.22 1002.38 24.9 46.2
3272 NI 4 1 11 21 53.5014 7.9748 20.59 1003.23 24.9 42.0
3272 NI 4 1 11 22 53.2568 7.7151 20.0 1004.16 24.9 38.2
3272 NI 4 1 11 23 53.1448 7.4055 19.44 1004.91 24.9 34.9
3272 NI 4 1 11 24 53.1226 7.1109 18.91 1005.62 24.9 32.0
3272 NI 4 1 11 25 53.1331 6.8937 18.41 1006.34 24.9 29.3
3272 NI 4 1 11 26 53.1885 6.7066 17.93 1007.0 24.9 27.0
3273 NI 6 0 11 0 79.8246 11.2213 80.48 896.29 18.8 314.6
3273 NI 6 0 11 1 79.2234 11.1778 54.58 944.39 29.5 288.1
3273 NI 6 0 11 2 78.6421 11.1995 41.29 966.46 40.2 261.5
3273 NI 6 0 11 3 77.916 11.2248 33.21 978.46 50.8 235.0
3273 NI 6 0 11 4 77.0597 11.2776 27.77 987.25 61.5 208.5
3273 NI 6 0 11 5 76.2942 11.148 23.86 992.89 72.2 161.3
3273 NI 6 0 11 6 75.6272 10.9558 20.92 996.8 72.2 114.7
3273 NI 6 0 11 7 75.0424 10.8472 18.62 1000.42 72.2 84.8
3273 NI 6 0 11 8 74.4948 10.784 18.57 1000.53 72.2 84.2
3273 NI 6 0 11 9 73.9179 10.7457 18.51 1000.63 72.2 83.5
3273 NI 6 0 11 10 73.3123 10.7621 18.46 1000.76 72.2 82.9
3273 NI 6 0 11 11 72.6599 10.84 18.41 1000.85 72.2 82.3
3273 NI 6 0 11 12 72.0799 10.9403 18.35 1000.94 72.2 81.7
3273 NI 6 0 11 13 71.4465 11.0421 18.3 1001.02 72.2 81.1
3273 NI 6 0 11 14 70.7975 11.1685 18.25 1001.17 72.2 80.5
3273 NI 6 0 11 15 70.1838 11.3287 18.2 1001.26 72.2 79.9
3273 NI 6 0 11 16 69.615 11.4966 18.15 1001.35 72.2 79.3
3273 NI 6 0 11 17 69.0842 11.6469 18.09 1001.49 72.2 78.7
3273 NI 6 0 11 18 68.6326 11.7748 18.04 1001.59 72.2 78.2
3273 NI 6 0 11 19 68.2588 11.8714 17.99 1001.7 72.2 77.6
3273 NI 6 0 11 20 67.8001 11.953 17.94 1001.82 72.2 77.0
3273 NI 6 0 11 21 67.4606 12.0453 17.89 1001.87 72.2 76.5
3273 NI 6 0 11 22 67.1177 12.1311 17.84 1002.06 72.2 75.9
3273 NI 6 0 11 23 66.6202 12.1953 17.79 1002.18 72.2 75.4
3273 NI 6 0 11 24 66.0852 12.2593 17.74 1002.31 72.2 74.8
3273 NI 6 0 11 25 65.5965 12.3449 17.69 1002.43 72.2 74.3
3273 NI 6 0 11 26 65.1456 12.4732 17.64 1002.54 72.2 73.8
3273 NI 6 0 11 27 64.7624 12.6266 17.59 1002.76 72.2 73.2
3273 NI 6 0 11 28 64.2453 12.7906 17.55 1002.87 72.2 72.7
3274 NI 6 1 11 0 58.4083 5.6533 76.67 899.49 15.4 122.9
3274 NI 6 1 11 1 58.1015 6.0714 76.02 900.53 17.5 128.4
3274 NI 6 1 11 2 57.5748 6.4971 75.37 901.57 19.6 134.0
3274 NI 6 1 11 3 57.2905 6.6764 74.74 902.66 21.7 139.5
3274 NI 6 1 11 4 56.9913 6.8408 74.12 903.65 23.8 145.0
3274 NI 6 1 11 5 56.1608 7.2315 73.5 904.7 25.9 150.5
3274 NI 6 1 11 6 55.8078 7.3346 72.9 905.7 28.0 156.1
3274 NI 6 1 11 7 55.3642 7.4182 72.31 906.68 30.1 161.6
3274 NI 6 1 11 8 54.8239 7.5109 71.73 907.65 32.2 167.1
3274 NI 6 1 11 9 54.2118 7.6352 71.15 908.65 34.2 172.7
3274 NI 6 1 11 10 53.5584 7.7787 70.59 909.56 36.3 178.2
3274 NI 6 1 11 11 52.8878 7.9478 70.03 910.45 38.4 183.7
3274 NI 6 1 11 12 52.2218 8.0948 69.49 911.36 40.5 189.2
3274 NI 6 1 11 13 51.6378 8.1702 68.95 912.33 42.6 194.8
3274 NI 6 1 11 14 51.1237 8.2198 68.42 913.17 44.7 200.3
3274 NI 6 1 11 15 50.6495 8.2992 67.9 913.98 46.8 205.8
3274 NI 6 1 11 16 50.1902 8.3536 67.38 915.14 48.9 211.4
3274 NI 6 1 11 17 49.766 8.4504 66.88 916.2 51.0 216.9
3274 NI 6 1 11 18 49.3567 8.5473 51.21 942.6 53.1 222.4
3274 NI 6 1 11 19 48.9399 8.6092 41.49 957.39 55.2 228.0
3274 NI 6 1 11 20 48.5232 8.6411 34.87 966.75 57.3 233.5
3274 NI 6 1 11 21 48.129 8.6604 30.08 973.09 59.4 239.0
3274 NI 6 1 11 22 47.6897 8.6349 26.44 977.61 61.5 244.5
3274 NI 6 1 11 23 47.1454 8.5543 23.59 982.91 63.6 200.0
3274 NI 6 1 11 24 46.5562 8.4287 21.29 987.53 63.6 135.0
3274 NI 6 1 11 25 46.0045 8.298 19.4 990.99 63.6 94.5
3274 NI 6 1 11 26 45.4227 8.1225 17.82 993.45 63.6 68.1
3275 NI 9 0 5 0 91.317 22.268 58.69 931.76 29.0 600.0
3275 NI 9 0 5 1 91.541 22.6592 54.53 941.2 32.6 521.4
3275 NI 9 0 5 2 92.0825 23.2483 50.91 949.74 36.2 442.7
3275 NI 9 0 5 3 93.1767 24.2493 47.75 957.68 39.7 364.1
3275 NI 9 0 5 4 94.5881 25.4287 37.1 978.14 43.3 285.4
3275 NI 9 0 5 5 96.0394 26.5505 30.34 986.87 46.9 206.8
3275 NI 9 0 5 6 97.4937 27.609 25.66 997.01 50.5 128.1
3275 NI 9 0 5 7 98.8465 28.6992 22.23 1007.79 50.5 94.3
3275 NI 9 0 5 8 100.1863 29.7709 19.61 1009.85 50.5 67.9
3275 NI 9 0 5 9 101.5147 30.822 17.54 1012.11 50.5 50.8
3276 NI 10 0 12 0 79.4699 9.4128 58.3 937.62 34.7 165.0
3276 NI 10 0 12 1 78.6408 9.8688 55.72 942.08 39.5 174.7
3276 NI 10 0 12 2 77.7623 10.3009 53.36 947.29 44.3 184.4
3276 NI 10 0 12 3 76.8125 10.5669 43.57 960.28 49.1 194.2
3276 NI 10 0 12 4 75.8089 10.7137 36.82 969.07 53.9 203.9
3276 NI 10 0 12 5 74.7859 10.769 31.87 975.64 58.7 213.6
3276 NI 10 0 12 6 73.7532 10.7415 31.09 976.47 63.5 223.3
3276 NI 10 0 12 7 72.7282 10.6612 30.34 977.27 68.3 233.0
3276 NI 10 0 12 8 71.7118 10.5478 29.63 977.96 73.1 242.7
3276 NI 10 0 12 9 70.7228 10.4462 28.95 978.66 77.9 252.4
3276 NI 10 0 12 10 69.7442 10.3821 28.3 979.31 82.7 262.1
3276 NI 10 0 12 11 68.7291 10.3897 27.68 979.91 87.5 271.8
3276 NI 10 0 12 12 67.7489 10.4298 27.08 980.47 92.3 281.5
3276 NI 10 0 12 13 66.8591 10.4699 26.51 981.01 97.1 291.2
3276 NI 10 0 12 14 66.0352 10.5227 25.97 981.46 101.9 300.9
3276 NI 10 0 12 15 65.2411 10.5954 25.45 981.93 106.7 310.6
3276 NI 10 0 12 16 64.4971 10.6713 24.94 982.54 111.5 318.1
3276 NI 10 0 12 17 63.8049 10.7242 24.46 983.8 111.5 300.2
3276 NI 10 0 12 18 63.1261 10.7634 23.99 984.92 111.5 283.6
3276 NI 10 0 12 19 62.4098 10.7988 23.55 986.0 111.5 268.3
3276 NI 10 0 12 20 61.6966 10.8197 23.11 987.09 111.5 254.0
3276 NI 10 0 12 21 61.0122 10.8174 22.7 988.06 111.5 240.7
3276 NI 10 0 12 22 60.3171 10.804 22.3 989.06 111.5 228.3
3276 NI 10 0 12 23 59.5745 10.7925 21.91 989.95 111.5 216.8
3276 NI 10 0 12 24 58.8276 10.7777 21.54 990.87 111.5 206.0
3276 NI 10 0 12 25 58.1194 10.7574 21.17 991.69 111.5 196.0
3276 NI 10 0 12 26 57.408 10.7446 20.82 992.46 111.5 186.5
3276 NI 10 0 12 27 56.6856 10.7702 20.49 993.28 111.5 177.7
3276 NI 10 0 12 28 55.9201 10.7869 20.16 994.0 111.5 169.5
3276 NI 10 0 12 29 55.0926 10.7611 19.84 994.78 111.5 161.7
3276 NI 10 0 12 30 54.199 10.6852 19.53 995.55 111.5 154.4
3276 NI 10 0 12 31 53.2408 10.5413 19.24 996.12 111.5 147.5
3276 NI 10 0 12 32 52.234 10.3632 18.95 996.89 111.5 141.1
3276 NI 10 0 12 33 51.2063 10.1885 18.67 997.77 111.5 135.0
3276 NI 10 0 12 34 50.19 10.0258 18.39 999.14 111.5 129.2
3276 NI 10 0 12 35 49.2048 9.8692 18.13 1000.02 111.5 123.8
3277 NI 10 1 11 0 52.4307 9.5659 61.97 938.78 25.9 160.0
3277 NI 10 1 11 1 51.819 9.602 57.19 947.2 26.3 156.0
3277 NI 10 1 11 2 51.3371 9.6533 53.1 954.35 26.7 152.1
3277 NI 10 1 11 3 50.8539 9.682 49.55 960.82 27.1 148.2
3277 NI 10 1 11 4 50.3934 9.7407 46.45 965.77 27.6 144.3
3277 NI 10 1 11 5 50.0103 9.8656 43.71 970.49 28.0 140.4
3277 NI 10 1 11 6 49.7997 10.0781 40.26 975.97 28.4 136.4
3277 NI 10 1 11 7 49.5029 10.3505 37.31 979.77 28.8 132.5
3277 NI 10 1 11 8 49.1061 10.6155 34.77 983.95 29.2 128.6
3277 NI 10 1 11 9 48.7727 10.8416 32.55 987.7 29.7 124.7
3277 NI 10 1 11 10 48.4124 11.053 30.6 990.39 30.1 120.8
3277 NI 10 1 11 11 47.8871 11.3206 28.87 991.09 30.5 116.8
3277 NI 10 1 11 12 47.3687 11.4904 27.32 992.76 30.9 112.9
3277 NI 10 1 11 13 46.9784 11.4285 26.35 994.14 31.3 109.0
3277 NI 10 1 11 14 46.6751 11.2445 25.45 995.49 31.7 105.1
3277 NI 10 1 11 15 46.4823 11.0614 24.6 996.88 32.2 96.1
3277 NI 10 1 11 16 46.3814 10.7652 23.81 998.21 32.2 86.5
3277 NI 10 1 11 17 46.2995 10.559 23.07 1000.63 32.2 78.2
3277 NI 10 1 11 18 46.1877 10.3527 22.38 1001.75 32.2 70.8
3277 NI 10 1 11 19 46.0659 10.1297 20.81 1004.14 32.2 56.1
3277 NI 10 1 11 20 45.9363 9.9108 19.44 1006.48 32.2 45.1
3277 NI 10 1 11 21 45.7975 9.6955 18.25 1008.5 32.2 36.8
3278 NI 11 0 11 0 81.4954 12.2255 67.41 929.14 28.5 313.4
3278 NI 11 0 11 1 80.9123 12.0176 66.01 932.35 27.5 289.7
3278 NI 11 0 11 2 80.2166 11.7923 64.68 935.71 26.4 266.0
3278 NI 11 0 11 3 79.9251 11.7445 63.39 938.69 25.4 242.3
3278 NI 11 0 11 4 79.6897 11.7771 62.16 941.77 24.4 218.6
3278 NI 11 0 11 5 79.3068 11.7659 60.97 944.86 23.3 194.9
3278 NI 11 0 11 6 78.7991 11.696 47.12 969.14 22.3 171.2
3278 NI 11 0 11 7 78.4598 11.6595 38.4 982.87 21.3 147.5
3278 NI 11 0 11 8 78.0303 11.6429 32.4 991.77 20.2 123.8
3278 NI 11 0 11 9 77.6009 11.5838 28.02 997.72 19.2 100.1
3278 NI 11 0 11 10 77.2015 11.5098 24.68 1003.53 18.2 72.6
3278 NI 11 0 11 11 76.8796 11.4356 22.06 1007.58 18.2 46.1
3278 NI 11 0 11 12 76.5728 11.3766 19.94 1012.13 18.2 30.7
3278 NI 11 0 11 13 76.2009 11.3526 18.19 1012.21 18.2 21.2
3279 NI 14 0 10 0 58.8771 25.3924 60.82 940.65 32.0 286.6
3279 NI 14 0 10 1 58.4627 25.4154 58.14 945.49 32.4 277.7
3279 NI 14 0 10 2 58.0635 25.3807 55.69 949.9 32.8 268.9
3279 NI 14 0 10 3 57.7817 25.4034 53.44 953.91 33.2 260.0
3279 NI 14 0 10 4 57.4498 25.3689 51.36 957.54 33.5 251.2
3279 NI 14 0 10 5 57.1617 25.3168 49.44 960.92 33.9 242.3
3279 NI 14 0 10 6 56.6861 25.2572 47.65 963.99 34.3 233.5
3279 NI 14 0 10 7 56.2231 25.1501 45.99 967.46 34.7 224.6
3279 NI 14 0 10 8 55.7725 25.0454 44.44 969.74 35.0 215.8
3279 NI 14 0 10 9 55.3532 24.9645 39.04 977.73 35.4 206.9
3279 NI 14 0 10 10 54.9501 24.8816 34.81 984.0 35.8 198.1
3279 NI 14 0 10 11 54.5632 24.7967 31.4 988.88 36.2 189.2
3279 NI 14 0 10 12 54.1926 24.711 28.61 992.91 36.6 180.4
3279 NI 14 0 10 13 53.8381 24.6237 28.0 994.05 36.9 171.5
3279 NI 14 0 10 14 53.4999 24.5368 27.42 995.08 37.3 162.7
3279 NI 14 0 10 15 53.1777 24.4487 26.86 996.16 37.7 153.8
3279 NI 14 0 10 16 52.8717 24.3594 26.32 997.2 38.1 145.0
3279 NI 14 0 10 17 52.582 24.2723 25.81 998.13 38.4 136.1
3279 NI 14 0 10 18 52.3083 24.1844 25.32 999.11 38.8 127.2
3279 NI 14 0 10 19 52.0506 24.0958 24.84 1000.05 39.2 116.1
3279 NI 14 0 10 20 51.7801 24.0059 24.38 1000.94 39.2 109.5
3279 NI 14 0 10 21 51.5238 23.9206 23.94 1001.68 39.2 103.5
3279 NI 14 0 10 22 51.2808 23.835 18.04 1010.72 39.2 43.1
3280 NI 14 1 5 0 86.2151 19.6273 52.45 943.6 26.5 139.3
3280 NI 14 1 5 1 86.1917 19.8439 51.13 945.72 26.3 138.5
3280 NI 14 1 5 2 86.2056 20.1106 49.87 947.69 26.2 137.6
3280 NI 14 1 5 3 86.3184 20.3874 48.67 949.23 26.0 136.8
3280 NI 14 1 5 4 86.4961 20.744 45.01 954.69 25.9 135.9
3280 NI 14 1 5 5 86.5878 21.1494 41.86 959.4 25.7 135.1
3280 NI 14 1 5 6 86.6867 21.6274 39.12 963.59 25.6 134.2
3280 NI 14 1 5 7 86.7521 22.0015 36.72 966.97 25.4 133.4
3280 NI 14 1 5 8 87.0772 22.4108 34.59 969.29 25.3 132.5
3280 NI 14 1 5 9 87.3538 22.7239 32.7 971.81 25.2 131.7
3280 NI 14 1 5 10 87.7677 23.0442 31.01 974.16 25.0 130.9
3280 NI 14 1 5 11 88.3382 23.5245 29.48 976.27 24.9 130.0
3280 NI 14 1 5 12 88.6154 24.0061 28.09 978.24 24.7 129.2
3280 NI 14 1 5 13 89.049 24.4053 26.83 980.13 24.6 128.3
3280 NI 14 1 5 14 89.4238 24.9359 25.68 981.94 24.4 127.5
3280 NI 14 1 5 15 89.7847 25.2819 24.62 983.65 24.3 118.0
3280 NI 14 1 5 16 90.4393 25.5443 23.65 986.76 24.3 97.9
3280 NI 14 1 5 17 90.8953 25.9289 22.75 988.42 24.3 81.8
3280 NI 14 1 5 18 91.3634 26.3068 21.92 988.91 24.3 68.8
3280 NI 14 1 5 19 91.8418 26.68 21.14 992.55 24.3 58.2
3280 NI 14 1 5 20 92.3316 27.0475 20.42 993.32 24.3 49.6
3280 NI 14 1 5 21 92.8335 27.412 19.74 996.82 24.3 42.4
3280 NI 14 1 5 22 93.3097 27.7761 19.11 999.43 24.3 36.5
3280 NI 14 1 5 23 93.809 28.141 18.52 1001.23 24.3 31.6
3280 NI 14 1 5 24 94.2508 28.513 17.97 1000.63 24.3 27.4
3281 NI 15 0 11 0 63.8894 20.49 66.89 924.06 9.5 381.3
3281 NI 15 0 11 1 63.7381 20.5647 64.98 927.62 10.7 379.3
3281 NI 15 0 11 2 63.682 20.5745 63.18 930.87 11.9 377.2
3281 NI 15 0 11 3 63.677 20.6167 61.48 933.9 13.2 375.2
3281 NI 15 0 11 4 63.7746 20.6589 59.87 936.86 14.4 373.2
3281 NI 15 0 11 5 63.8946 20.6336 58.34 939.45 15.6 371.1
3281 NI 15 0 11 6 64.1672 20.5934 56.88 941.84 16.8 369.1
3281 NI 15 0 11 7 64.4523 20.5394 55.5 944.13 18.0 367.0
3281 NI 15 0 11 8 64.9598 20.4778 54.18 946.27 19.2 365.0
3281 NI 15 0 11 9 65.4311 20.4237 52.92 948.29 20.4 363.0
3281 NI 15 0 11 10 65.7524 20.3623 51.72 950.31 21.6 360.9
3281 NI 15 0 11 11 66.1837 20.2831 50.58 952.1 22.8 358.9
3281 NI 15 0 11 12 66.495 20.1467 49.48 953.81 24.0 356.8
3281 NI 15 0 11 13 67.0513 20.0177 48.43 955.28 25.2 354.8
3281 NI 15 0 11 14 67.6376 19.9812 47.42 956.79 26.4 352.8
3281 NI 15 0 11 15 68.2266 19.9083 46.46 958.24 27.7 350.7
3281 NI 15 0 11 16 68.5802 19.8156 45.53 959.62 28.9 348.7
3281 NI 15 0 11 17 69.1738 19.8067 44.64 960.93 30.1 346.6
3281 NI 15 0 11 18 69.7228 19.8501 43.78 962.16 31.3 344.6
3281 NI 15 0 11 19 70.1934 20.0148 42.96 963.32 32.5 342.6
3281 NI 15 0 11 20 70.5154 20.1012 42.17 964.44 33.7 340.5
3281 NI 15 0 11 21 70.9059 20.1548 41.4 965.67 34.9 338.5
3281 NI 15 0 11 22 71.408 20.1189 40.66 966.57 36.1 336.4
3281 NI 15 0 11 23 71.7991 20.1836 39.95 967.83 37.3 334.4
3281 NI 15 0 11 24 72.1006 20.2034 39.26 968.78 38.5 332.4
3281 NI 15 0 11 25 72.2845 20.068 38.6 969.65 39.7 330.3
3281 NI 15 0 11 26 72.3932 19.8878 37.96 970.58 40.9 328.3
3281 NI 15 0 11 27 72.512 19.7501 37.34 971.56 42.1 326.2
3281 NI 15 0 11 28 72.5858 19.6723 36.73 972.49 43.4 324.2
3281 NI 15 0 11 29 72.6121 19.707 36.15 973.36 44.6 322.2
3281 NI 15 0 11 30 72.5784 19.7567 35.59 974.2 45.8 320.1
3281 NI 15 0 11 31 72.4747 19.7215 35.04 975.03 47.0 318.1
3281 NI 15 0 11 32 72.371 19.6412 34.51 975.93 48.2 316.0
3281 NI 15 0 11 33 72.3824 19.5559 34.0 976.48 49.4 314.0
3281 NI 15 0 11 34 72.3636 19.4256 33.5 977.34 50.6 312.0
3281 NI 15 0 11 35 72.1973 19.2179 33.01 978.1 51.8 309.9
3281 NI 15 0 11 36 71.9562 19.0101 32.54 978.69 53.0 307.9
3281 NI 15 0 11 37 71.7102 18.9023 32.09 979.5 54.2 305.8
3281 NI 15 0 11 38 71.4488 18.7945 31.64 980.18 55.4 303.8
3281 NI 15 0 11 39 71.2176 18.5941 31.21 980.84 56.6 301.8
3281 NI 15 0 11 40 70.9414 18.379 30.79 981.51 57.8 299.7
3281 NI 15 0 11 41 70.5602 18.2062 30.38 982.26 59.1 297.7
3281 NI 15 0 11 42 70.134 18.0634 29.98 982.85 60.3 295.6
3281 NI 15 0 11 43 69.7305 17.9556 29.59 983.55 61.5 293.6
3281 NI 15 0 11 44 69.3266 17.8479 29.21 984.24 62.7 291.6
3281 NI 15 0 11 45 68.9081 17.7276 28.84 984.81 63.9 289.5
3281 NI 15 0 11 46 68.5192 17.5323 28.48 985.35 65.1 287.5
3281 NI 15 0 11 47 68.1703 17.182 28.13 986.05 66.3 285.4
3281 NI 15 0 11 48 67.9118 16.8168 27.79 986.49 67.5 283.4
3281 NI 15 0 11 49 67.7733 16.569 27.45 987.0 68.7 281.4
3281 NI 15 0 11 50 67.7044 16.4012 27.13 987.52 69.9 279.3
3281 NI 15 0 11 51 67.5007 16.1184 26.81 987.91 71.1 277.3
3281 NI 15 0 11 52 67.2955 15.8393 26.5 988.53 72.3 275.2
3281 NI 15 0 11 53 67.0887 15.5638 26.19 988.9 73.5 273.2
3281 NI 15 0 11 54 66.8805 15.2919 25.9 989.4 74.8 271.2
3281 NI 15 0 11 55 66.6707 15.0236 25.6 989.84 76.0 269.1
3281 NI 15 0 11 56 66.4499 14.7586 25.32 990.32 77.2 267.1
3281 NI 15 0 11 57 66.2259 14.4971 25.04 990.75 78.4 265.0
3281 NI 15 0 11 58 65.9985 14.2392 24.77 991.39 78.4 256.8
3281 NI 15 0 11 59 65.7678 13.9848 24.5 992.02 78.4 247.5
3281 NI 15 0 11 60 65.5214 13.7337 24.24 992.66 78.4 238.7
3281 NI 15 0 11 61 65.2703 13.486 23.99 993.24 78.4 230.2
3281 NI 15 0 11 62 65.0147 13.2418 23.74 993.84 78.4 222.1
3281 NI 15 0 11 63 64.7545 13.0011 23.5 994.39 78.4 214.4
3281 NI 15 0 11 64 64.4779 12.7646 23.26 994.95 78.4 207.0
3281 NI 15 0 11 65 64.1958 12.5316 23.02 995.47 78.4 200.0
3281 NI 15 0 11 66 63.9085 12.3021 22.79 996.0 78.4 193.2
3281 NI 15 0 11 67 63.616 12.0759 22.57 996.48 78.4 186.8
3281 NI 15 0 11 68 63.308 11.8547 22.34 997.04 78.4 180.6
3281 NI 15 0 11 69 62.9943 11.6369 22.13 997.53 78.4 174.7
3281 NI 15 0 11 70 62.6749 11.4225 21.92 997.96 78.4 169.0
3281 NI 15 0 11 71 62.3496 11.2124 21.71 998.48 78.4 163.6
3281 NI 15 0 11 72 62.0188 11.0058 21.5 998.83 78.4 158.4
3281 NI 15 0 11 73 61.6772 10.8044 21.3 999.32 78.4 153.4
3281 NI 15 0 11 74 61.3288 10.6072 21.1 999.71 78.4 148.6
3281 NI 15 0 11 75 60.9747 10.4134 20.91 1000.12 78.4 144.0
3281 NI 15 0 11 76 60.6151 10.223 20.72 1000.57 78.4 139.6
3281 NI 15 0 11 77 60.2482 10.0371 20.54 1000.92 78.4 135.3
3281 NI 15 0 11 78 59.8773 9.8581 20.35 1001.3 78.4 131.3
3281 NI 15 0 11 79 59.5011 9.6825 20.17 1001.72 78.4 127.3
3281 NI 15 0 11 80 59.1166 9.5112 20.0 1002.05 78.4 123.6
3281 NI 15 0 11 81 58.7268 9.3433 19.82 1002.45 78.4 119.9
3281 NI 15 0 11 82 58.3289 9.1795 19.65 1002.84 78.4 116.5
3281 NI 15 0 11 83 57.9257 9.019 19.48 1003.1 78.4 113.1
3281 NI 15 0 11 84 57.5309 8.8657 19.32 1003.47 78.4 109.9
3281 NI 15 0 11 85 57.1279 8.7169 19.16 1003.84 78.4 106.7
3281 NI 15 0 11 86 56.7202 8.5714 19.0 1004.12 78.4 103.7
3281 NI 15 0 11 87 56.3037 8.4297 18.84 1004.48 78.4 100.8
3281 NI 15 0 11 88 55.8826 8.2911 18.69 1004.77 78.4 98.0
3281 NI 15 0 11 89 55.4569 8.1557 18.53 1005.11 78.4 95.3
3281 NI 15 0 11 90 55.0221 8.0233 18.38 1005.37 78.4 92.8
3281 NI 15 0 11 91 54.6042 7.8975 18.24 1005.7 78.4 90.2
3281 NI 15 0 11 92 54.1757 7.7749 18.09 1006.02 78.4 87.8
3281 NI 15 0 11 93 53.7431 7.6554 17.95 1006.33 78.4 85.5
3281 NI 15 0 11 94 53.2993 7.539 17.81 1006.56 78.4 83.2
3281 NI 15 0 11 95 52.8516 7.4254 17.67 1006.86 78.4 81.0
3281 NI 15 0 11 96 52.3937 7.3148 17.54 1007.1 78.4 78.9
3282 NI 16 0 6 0 61.0042 17.8164 57.59 930.76 21.6 192.9
3282 NI 16 0 6 1 60.8364 18.2543 56.05 932.8 22.3 190.3
3282 NI 16 0 6 2 60.9487 18.4197 54.6 935.39 23.0 187.7
3282 NI 16 0 6 3 61.0847 18.5563 53.22 937.7 23.7 185.0
3282 NI 16 0 6 4 60.9932 18.723 51.9 939.49 24.4 182.4
3282 NI 16 0 6 5 61.1655 18.9696 50.65 941.53 25.1 179.8
3282 NI 16 0 6 6 61.3378 19.5263 49.46 943.01 25.8 177.2
3282 NI 16 0 6 7 61.4963 20.1204 48.33 944.54 26.5 174.6
3282 NI 16 0 6 8 61.6323 20.7295 47.24 945.51 27.2 171.9
3282 NI 16 0 6 9 61.7297 21.0637 46.2 947.12 27.9 169.3
3282 NI 16 0 6 10 61.8268 21.6328 45.21 947.96 28.6 166.7
3282 NI 16 0 6 11 61.9591 22.1844 44.26 949.24 29.3 164.1
3282 NI 16 0 6 12 62.1214 22.7361 43.35 950.31 30.0 161.4
3282 NI 16 0 6 13 62.3074 23.3127 42.47 951.33 30.7 158.8
3282 NI 16 0 6 14 62.5159 23.6394 41.63 952.52 31.4 156.2
3282 NI 16 0 6 15 62.7307 24.1985 40.82 953.47 32.1 153.6
3282 NI 16 0 6 16 62.9604 24.7426 40.04 954.51 32.8 151.0
3282 NI 16 0 6 17 63.1927 25.0342 39.3 955.62 33.5 148.3
3282 NI 16 0 6 18 63.455 25.2959 38.58 956.63 34.2 145.7
3282 NI 16 0 6 19 64.0122 25.7738 37.88 958.6 34.9 143.1
3282 NI 16 0 6 20 64.5995 26.1992 33.47 965.2 35.6 140.5
3282 NI 16 0 6 21 65.1968 26.5733 29.97 969.08 36.3 137.9
3282 NI 16 0 6 22 65.544 26.6524 27.14 973.89 37.0 135.2
3282 NI 16 0 6 23 65.8625 26.7115 24.8 977.05 37.7 128.8
3282 NI 16 0 6 24 66.4385 26.7557 22.83 980.35 37.7 96.2
3282 NI 16 0 6 25 67.0194 26.807 21.14 980.81 37.7 73.4
3282 NI 16 0 6 26 67.6831 26.859 19.69 980.19 37.7 57.1
3282 NI 16 0 6 27 68.4972 26.8809 18.43 982.64 37.7 45.2
3283 NI 17 0 5 0 92.068 19.5322 34.8 968.18 44.4 189.5
3283 NI 17 0 5 1 92.71 19.5008 34.08 969.47 45.9 184.3
3283 NI 17 0 5 2 93.4189 19.7542 33.38 970.82 47.4 179.1
3283 NI 17 0 5 3 94.2031 20.0974 32.72 972.7 48.9 173.9
3283 NI 17 0 5 4 94.9615 20.4486 32.07 971.92 50.4 168.7
3283 NI 17 0 5 5 95.6962 20.7939 25.65 980.65 51.9 163.5
3283 NI 17 0 5 6 96.4428 21.1172 21.37 990.87 51.9 98.8
3283 NI 17 0 5 7 97.1868 21.4364 18.32 994.55 51.9 60.1
3284 NI 17 1 12 0 82.1568 9.8843 56.62 937.07 31.9 353.0
3284 NI 17 1 12 1 81.6793 9.9691 55.96 938.6 32.5 340.4
3284 NI 17 1 12 2 81.4731 10.0402 55.33 940.02 33.1 327.8
3284 NI 17 1 12 3 81.2893 10.1038 54.7 941.51 33.7 315.2
3284 NI 17 1 12 4 81.1406 10.1636 54.09 943.02 34.3 302.6
3284 NI 17 1 12 5 80.9994 10.2385 53.49 944.36 34.8 290.0
3284 NI 17 1 12 6 80.3256 10.3484 52.91 945.87 35.4 277.4
3284 NI 17 1 12 7 79.9094 10.4732 52.33 947.14 36.0 264.8
3284 NI 17 1 12 8 79.5319 10.5868 51.77 948.53 36.6 252.1
3284 NI 17 1 12 9 79.1694 10.7079 51.23 950.18 37.2 239.5
3284 NI 17 1 12 10 79.0494 10.8465 40.73 966.64 37.8 226.9
3284 NI 17 1 12 11 78.9295 10.9926 33.8 976.82 38.4 214.3
3284 NI 17 1 12 12 78.5557 11.1312 28.89 984.52 38.9 201.7
3284 NI 17 1 12 13 78.1895 11.2773 25.22 989.22 39.5 189.1
3284 NI 17 1 12 14 78.087 11.4446 22.38 994.86 39.5 116.4
3284 NI 17 1 12 15 77.6995 11.612 20.12 998.86 39.5 72.9
3284 NI 17 1 12 16 77.3736 11.8947 18.27 1002.84 39.5 47.7
3285 NI 17 2 4 0 90.359 21.6108 59.02 936.93 13.8 67.9
3285 NI 17 2 4 1 90.8055 22.1489 54.62 943.01 22.0 98.7
3285 NI 17 2 4 2 91.3487 22.785 50.82 948.21 30.2 129.5
3285 NI 17 2 4 3 91.9556 23.4216 25.98 983.53 38.4 160.3
3286 NI 17 3 11 0 59.315 7.6426 34.19 983.48 12.8 51.5
3286 NI 17 3 11 1 59.1118 7.9748 30.71 986.48 21.1 107.8
3286 NI 17 3 11 2 58.6886 8.3146 27.87 988.58 29.5 164.1
3286 NI 17 3 11 3 58.5079 8.4081 25.51 989.92 37.9 220.4
3286 NI 17 3 11 4 58.3122 8.4866 23.52 994.14 37.9 163.0
3286 NI 17 3 11 5 57.5853 8.7914 21.82 997.77 37.9 112.5
3286 NI 17 3 11 6 57.3358 8.8087 20.35 1000.57 37.9 79.7
3286 NI 17 3 11 7 56.9959 8.8064 19.06 1002.75 37.9 57.7
3286 NI 17 3 11 8 56.5591 8.8132 17.93 1004.57 37.9 42.7
3287 NI 19 0 4 0 92.3257 15.8519 81.84 918.2 7.4 71.2
3287 NI 19 0 4 1 92.6637 16.3332 77.37 926.94 9.2 68.7
3287 NI 19 0 4 2 92.7441 16.5645 73.36 934.66 11.0 66.3
3287 NI 19 0 4 3 93.0598 17.0631 69.74 941.3 12.8 63.8
3287 NI 19 0 4 4 93.4197 17.5699 66.47 947.12 14.7 61.4
3287 NI 19 0 4 5 93.8716 18.1059 63.48 952.34 16.5 58.9
3287 NI 19 0 4 6 94.356 18.6645 60.76 956.91 18.3 56.4
3287 NI 19 0 4 7 94.3403 18.7708 58.26 961.24 20.1 54.0
3287 NI 19 0 4 8 94.7995 19.3521 43.93 984.29 21.9 51.5
3287 NI 19 0 4 9 95.1444 19.7976 35.26 995.16 23.8 49.0
3287 NI 19 0 4 10 95.5024 20.2343 29.45 1003.3 25.6 46.6
3287 NI 19 0 4 11 95.8798 20.6619 25.28 1008.64 27.4 44.1
3287 NI 19 0 4 12 96.2736 21.0815 22.15 1012.64 27.4 37.5
3287 NI 19 0 4 13 96.6838 21.4925 19.7 1017.39 27.4 32.1
3287 NI 19 0 4 14 97.1251 21.8953 17.75 1019.38 27.4 27.9
3288 NI 20 0 11 0 82.2992 16.6751 56.78 946.62 46.9 241.2
3288 NI 20 0 11 1 81.8584 17.2436 44.79 966.27 43.7 240.0
3288 NI 20 0 11 2 81.4367 18.1609 36.99 977.63 40.4 238.9
3288 NI 20 0 11 3 81.0758 19.1909 31.5 986.12 37.1 237.8
3288 NI 20 0 11 4 80.8924 19.8225 27.43 991.42 33.8 236.7
3288 NI 20 0 11 5 80.8253 20.2525 24.29 996.05 30.5 199.8
3288 NI 20 0 11 6 80.7482 20.2297 21.8 1001.85 30.5 107.4
3288 NI 20 0 11 7 81.6962 20.7569 19.77 1005.73 30.5 61.3
3288 NI 20 0 11 8 81.8513 21.1485 18.08 1008.38 30.5 36.8
3289 NI 21 0 10 0 57.735 24.2451 46.79 960.28 13.5 43.2
3289 NI 21 0 10 1 57.3714 24.4367 45.31 962.37 15.2 47.7
3289 NI 21 0 10 2 57.0228 24.5704 43.92 964.32 17.0 52.2
3289 NI 21 0 10 3 56.7918 24.7616 42.61 966.16 18.7 56.8
3289 NI 21 0 10 4 56.5106 24.8957 41.38 967.83 20.4 61.3
3289 NI 21 0 10 5 56.2732 25.0121 40.22 970.21 22.1 65.8
3289 NI 21 0 10 6 55.8484 25.121 39.12 971.1 23.9 70.3
3289 NI 21 0 10 7 55.436 25.1824 31.44 981.4 25.6 74.9
3289 NI 21 0 10 8 55.0361 25.2462 26.28 987.92 27.3 79.4
3289 NI 21 0 10 9 54.6675 25.3339 22.58 993.18 27.3 58.5
3289 NI 21 0 10 10 54.3165 25.4167 22.23 993.71 27.3 55.9
3289 NI 21 0 10 11 53.9832 25.4946 21.89 994.18 27.3 53.3
3289 NI 21 0 10 12 53.6674 25.5676 21.56 994.71 27.3 51.0
3289 NI 21 0 10 13 53.3694 25.6374 21.24 995.2 27.3 48.7
3289 NI 21 0 10 14 53.0891 25.7028 20.93 995.62 27.3 46.6
3289 NI 21 0 10 15 52.8264 25.7637 20.63 996.12 27.3 44.7
3289 NI 21 0 10 16 52.5821 25.8229 20.33 996.52 27.3 42.8
3289 NI 21 0 10 17 52.3555 25.8782 20.05 996.99 27.3 41.0
3289 NI 21 0 10 18 52.1465 25.9294 19.77 997.36 27.3 39.4
3289 NI 21 0 10 19 51.955 25.9767 19.5 997.72 27.3 37.8
3289 NI 21 0 10 20 51.781 26.02 19.24 998.17 27.3 36.3
3289 NI 21 0 10 21 51.6266 26.0643 18.99 998.51 27.3 34.8
3289 NI 21 0 10 22 51.4896 26.1052 18.74 998.83 27.3 33.5
3289 NI 21 0 10 23 51.3701 26.1425 18.5 999.23 27.3 32.2
3289 NI 21 0 10 24 51.3015 26.1773 18.26 999.53 27.3 31.0
3289 NI 21 0 10 25 51.2524 26.2087 18.03 999.83 27.3 29.9
3289 NI 21 0 10 26 51.2225 26.2368 17.81 1000.12 27.3 28.8
3289 NI 21 0 10 27 51.2118 26.2614 17.59 1000.4 27.3 27.7
3290 NI 22 0 5 0 85.1897 13.2755 52.04 948.71 37.2 402.9
3290 NI 22 0 5 1 85.2502 13.7841 48.48 954.54 36.9 388.3
3290 NI 22 0 5 2 85.3106 14.2426 45.37 959.51 36.7 373.7
3290 NI 22 0 5 3 85.3711 14.6399 42.64 963.81 36.5 359.0
3290 NI 22 0 5 4 85.4315 15.1097 40.21 967.82 36.2 344.4
3290 NI 22 0 5 5 85.4957 15.6395 38.05 970.91 36.0 329.8
3290 NI 22 0 5 6 85.5525 16.2268 36.11 973.78 35.8 315.1
3290 NI 22 0 5 7 85.5417 16.7603 34.36 976.34 35.6 300.5
3290 NI 22 0 5 8 85.5734 17.2438 32.77 978.64 35.3 285.8
3290 NI 22 0 5 9 85.6014 17.9236 31.32 980.65 35.1 271.2
3290 NI 22 0 5 10 85.6443 18.4109 29.99 982.48 34.9 256.6
3290 NI 22 0 5 11 85.6686 18.8582 28.77 984.12 34.6 241.9
3290 NI 22 0 5 12 85.8653 19.378 27.65 985.61 34.4 227.3
3290 NI 22 0 5 13 86.022 20.1066 26.61 987.2 34.2 212.7
3290 NI 22 0 5 14 86.2362 20.9451 25.64 988.21 34.0 198.0
3290 NI 22 0 5 15 86.3319 21.846 23.48 993.6 34.0 145.3
3290 NI 22 0 5 16 86.5571 22.6122 21.66 995.56 34.0 97.4
3290 NI 22 0 5 17 86.7952 23.4782 20.09 998.11 34.0 67.2
3290 NI 22 0 5 18 87.178 24.2292 18.74 1000.44 34.0 47.6
3290 NI 22 0 5 19 87.37 25.1451 17.56 1001.83 34.0 34.5
3291 NI 22 1 10 0 86.3338 17.5342 57.12 946.04 14.6 136.2
3291 NI 22 1 10 1 85.9868 17.9099 52.85 952.98 16.3 138.8
3291 NI 22 1 10 2 85.7399 18.2931 49.18 958.74 17.9 141.3
3291 NI 22 1 10 3 85.4817 18.79 45.98 963.58 19.5 143.8
3291 NI 22 1 10 4 85.296 19.1019 43.18 967.71 21.2 146.3
3291 NI 22 1 10 5 85.2664 19.5775 40.69 971.31 22.8 148.8
3291 NI 22 1 10 6 85.0521 20.0607 38.48 974.68 24.4 151.3
3291 NI 22 1 10 7 84.8589 20.5751 32.13 984.07 26.1 153.8
3291 NI 22 1 10 8 84.8082 21.1195 27.58 989.63 27.7 156.3
3291 NI 22 1 10 9 84.4964 21.7189 24.16 994.8 29.3 135.0
3291 NI 22 1 10 10 84.4572 22.3783 21.49 999.73 29.3 77.6
3291 NI 22 1 10 11 84.3539 22.9144 19.36 1004.1 29.3 47.3
3291 NI 22 1 10 12 84.3805 23.6571 17.61 1006.07 29.3 30.2
3292 NI 22 2 11 0 61.1303 6.4116 53.98 959.87 9.7 117.5
3292 NI 22 2 11 1 61.1485 6.898 52.93 961.52 10.2 116.6
3292 NI 22 2 11 2 60.9467 7.392 51.92 963.11 10.7 115.7
3292 NI 22 2 11 3 60.9874 7.6397 50.94 964.67 11.3 114.8
3292 NI 22 2 11 4 61.0132 7.8725 50.01 966.15 11.8 113.8
3292 NI 22 2 11 5 60.5076 8.3314 49.1 967.59 12.3 112.9
3292 NI 22 2 11 6 60.4796 8.5029 48.23 968.94 12.8 112.0
3292 NI 22 2 11 7 60.361 8.6548 47.39 970.35 13.3 111.0
3292 NI 22 2 11 8 60.1457 8.8159 46.58 971.6 13.8 110.1
3292 NI 22 2 11 9 59.8585 9.0085 45.8 972.84 14.4 109.2
3292 NI 22 2 11 10 59.5301 9.2204 45.04 974.05 14.9 108.2
3292 NI 22 2 11 11 59.1845 9.4578 44.31 975.19 15.4 107.3
3292 NI 22 2 11 12 58.8434 9.6731 43.6 976.37 15.9 106.4
3292 NI 22 2 11 13 58.5844 9.8169 42.91 977.4 16.4 105.5
3292 NI 22 2 11 14 58.3953 9.9347 42.24 978.4 16.9 104.5
3292 NI 22 2 11 15 58.246 10.0825 41.59 979.4 17.5 103.6
3292 NI 22 2 11 16 58.1117 10.2052 40.97 980.43 18.0 102.7
3292 NI 22 2 11 17 58.0125 10.3704 40.36 981.31 18.5 101.7
3292 NI 22 2 11 18 57.9282 10.5357 39.77 982.16 19.0 100.8
3292 NI 22 2 11 19 57.8364 10.6659 39.2 983.16 19.5 99.9
3292 NI 22 2 11 20 57.7446 10.7661 38.64 983.97 20.0 99.0
3292 NI 22 2 11 21 57.6753 10.8538 38.1 984.76 20.5 98.0
3292 NI 22 2 11 22 57.561 10.8966 37.57 985.53 21.1 97.1
3292 NI 22 2 11 23 57.3417 10.8843 37.06 986.35 21.6 96.2
3292 NI 22 2 11 24 57.0774 10.827 36.56 987.1 22.1 95.2
3292 NI 22 2 11 25 56.8507 10.7647 36.08 987.88 22.6 94.3
3292 NI 22 2 11 26 56.5939 10.6575 35.61 988.59 23.1 93.4
3292 NI 22 2 11 27 56.2746 10.5027 35.14 989.24 23.6 92.5
3292 NI 22 2 11 28 55.9103 10.2879 34.7 989.94 24.2 91.5
3292 NI 22 2 11 29 55.5412 10.0705 34.26 990.56 24.7 90.6
3292 NI 22 2 11 30 55.1267 9.7184 33.83 991.32 25.2 89.7
3292 NI 22 2 11 31 54.6648 9.1135 33.42 991.91 25.7 88.7
3292 NI 22 2 11 32 54.1432 8.4488 33.01 992.61 26.2 87.8
3292 NI 22 2 11 33 53.4464 7.9642 32.62 993.25 26.7 86.9
3292 NI 22 2 11 34 52.9596 7.4793 32.23 993.88 27.3 86.0
3292 NI 22 2 11 35 53.003 6.882 31.85 994.48 27.8 85.0
3292 NI 22 2 11 36 53.376 6.2097 31.48 995.04 28.3 84.1
3292 NI 22 2 11 37 53.1842 5.65 31.12 995.67 28.8 83.2
3292 NI 22 2 11 38 52.9874 5.1004 30.77 996.22 29.3 82.2
3292 NI 22 2 11 39 52.7874 4.5613 30.43 996.82 29.8 81.3
3292 NI 22 2 11 40 52.5823 4.0325 18.45 1013.3 29.8 34.6
3293 NI 22 3 10 0 88.5651 19.5289 50.89 953.67 31.4 296.4
3293 NI 22 3 10 1 88.4411 19.6926 48.33 957.9 32.0 290.2
3293 NI 22 3 10 2 88.1322 19.9987 46.02 961.58 32.6 284.1
3293 NI 22 3 10 3 88.1039 20.0774 43.92 964.94 33.2 278.0
3293 NI 22 3 10 4 88.2493 20.0186 42.0 968.0 33.9 271.8
3293 NI 22 3 10 5 88.3753 19.9935 40.24 970.8 34.5 265.7
3293 NI 22 3 10 6 88.5164 19.9385 38.63 973.34 35.1 259.5
3293 NI 22 3 10 7 88.6287 19.8596 37.14 975.67 35.8 253.4
3293 NI 22 3 10 8 88.7334 19.7583 35.75 977.82 36.4 247.2
3293 NI 22 3 10 9 88.8382 19.6507 34.47 979.8 37.0 241.1
3293 NI 22 3 10 10 88.9505 19.5282 33.28 981.64 37.7 235.0
3293 NI 22 3 10 11 89.0766 19.3881 32.17 983.37 38.3 228.8
3293 NI 22 3 10 12 89.2176 19.248 31.13 984.98 38.9 222.7
3293 NI 22 3 10 13 89.3761 19.1367 30.15 986.52 39.5 216.5
3293 NI 22 3 10 14 89.5347 19.0179 29.23 987.9 40.2 210.4
3293 NI 22 3 10 15 89.578 18.7851 28.37 989.26 40.8 204.2
3293 NI 22 3 10 16 89.7851 18.5877 27.56 990.51 41.4 198.1
3293 NI 22 3 10 17 90.1113 18.4037 26.79 991.77 42.1 191.9
3293 NI 22 3 10 18 90.0188 17.9076 26.06 992.96 42.7 185.8
3293 NI 22 3 10 19 90.1174 17.61 25.38 994.05 43.3 179.7
3293 NI 22 3 10 20 90.1859 17.3275 24.72 995.32 44.0 166.3
3293 NI 22 3 10 21 90.2194 17.1149 24.1 996.59 44.0 150.8
3293 NI 22 3 10 22 90.253 16.9473 23.52 997.76 44.0 137.1
3293 NI 22 3 10 23 90.3366 16.8147 22.95 998.84 44.0 124.9
3293 NI 22 3 10 24 90.4201 16.6672 22.42 999.89 44.0 114.1
3293 NI 22 3 10 25 90.4611 16.4721 21.91 1000.83 44.0 104.4
3293 NI 22 3 10 26 90.4871 16.187 21.42 1001.74 44.0 95.7
3293 NI 22 3 10 27 90.5207 15.7919 20.95 1002.61 44.0 87.9
3293 NI 22 3 10 28 90.5542 15.3069 20.51 1003.46 44.0 80.9
3293 NI 22 3 10 29 90.5802 14.7818 20.08 1004.27 44.0 74.6
3293 NI 22 3 10 30 90.6213 14.2267 19.67 1005.06 44.0 68.9
3293 NI 22 3 10 31 90.6974 13.6342 19.27 1005.83 44.0 63.7
3293 NI 22 3 10 32 90.7884 13.1466 18.89 1006.54 44.0 59.0
3293 NI 22 3 10 33 90.8794 12.8965 18.53 1007.22 44.0 54.8
3293 NI 22 3 10 34 90.9554 12.7665 18.18 1007.78 44.0 50.9
3293 NI 22 3 10 35 91.0115 12.6189 17.84 1008.35 44.0 47.4
3293 NI 22 3 10 36 91.0225 12.4863 17.52 1008.85 44.0 44.1
3294 NI 23 0 5 0 92.3685 20.6071 59.64 918.05 68.1 479.8
3294 NI 23 0 5 1 92.5281 21.3301 56.83 926.13 63.7 385.9
3294 NI 23 0 5 2 92.6445 22.2556 54.27 932.82 59.3 292.1
3294 NI 23 0 5 3 92.9062 23.0072 31.18 971.83 54.9 198.3
3294 NI 23 0 5 4 93.1706 23.554 21.87 987.19 50.5 79.5
3295 NI 23 1 4 0 91.4142 20.4149 38.47 963.85 25.2 57.1
3295 NI 23 1 4 1 91.8392 20.958 35.59 966.95 35.0 83.4
3295 NI 23 1 4 2 92.361 21.599 33.11 969.56 44.8 109.8
3295 NI 23 1 4 3 92.9464 22.2405 30.96 973.96 54.6 136.1
3295 NI 23 1 4 4 93.6791 22.8473 25.83 979.63 64.4 162.5
3295 NI 23 1 4 5 94.5471 23.3485 22.16 981.7 64.4 118.8
3295 NI 23 1 4 6 95.5444 23.6771 19.4 986.11 64.4 84.2
3296 NI 23 2 5 0 90.5543 20.0642 63.13 919.47 26.2 321.7
3296 NI 23 2 5 1 90.7326 20.6167 58.38 927.95 30.0 304.1
3296 NI 23 2 5 2 90.9629 21.1849 54.29 935.14 33.9 286.5
3296 NI 23 2 5 3 91.1899 21.7557 50.74 941.2 37.7 268.8
3296 NI 23 2 5 4 91.4572 22.2913 47.63 946.68 41.6 251.2
3296 NI 23 2 5 5 91.8456 22.7031 44.87 951.3 45.4 233.5
3296 NI 23 2 5 6 92.3087 23.0549 42.42 955.77 49.3 215.9
3296 NI 23 2 5 7 92.7697 23.4015 27.98 977.75 53.1 198.2
3296 NI 23 2 5 8 93.2602 23.7185 20.87 990.28 53.1 101.8
3297 NI 23 3 12 0 86.7378 18.6382 44.55 957.6 30.8 468.1
3297 NI 23 3 12 1 86.6624 19.0201 43.11 960.61 30.7 436.7
3297 NI 23 3 12 2 86.572 19.5097 41.77 963.59 30.5 405.3
3297 NI 23 3 12 3 86.5096 20.0957 40.5 966.41 30.4 373.9
3297 NI 23 3 12 4 86.4925 20.7352 39.31 969.18 30.2 342.5
3297 NI 23 3 12 5 86.5054 21.3596 38.19 971.74 30.1 311.2
3297 NI 23 3 12 6 86.6115 21.9885 34.95 977.5 29.9 279.8
3297 NI 23 3 12 7 86.8803 22.6447 32.22 981.95 29.8 248.4
3297 NI 23 3 12 8 87.2904 23.3156 29.88 985.98 29.6 217.0
3297 NI 23 3 12 9 87.8026 23.9846 27.86 989.27 29.5 185.6
3297 NI 23 3 12 10 88.4224 24.6537 26.1 992.1 29.3 154.3
3297 NI 23 3 12 11 88.8752 25.32 24.54 995.01 29.2 114.0
3297 NI 23 3 12 12 89.3643 25.969 23.16 997.33 29.2 90.3
3297 NI 23 3 12 13 89.8903 26.6007 21.93 999.36 29.2 72.4
3297 NI 23 3 12 14 90.4541 27.2186 20.82 1003.99 29.2 58.8
3297 NI 23 3 12 15 90.9831 27.8261 19.82 1006.53 29.2 48.2
3297 NI 23 3 12 16 91.5416 28.4253 18.91 1008.87 29.2 39.8
3297 NI 23 3 12 17 92.0537 29.0359 18.08 1007.27 29.2 33.3
3298 NI 23 4 10 0 85.1493 15.4402 35.05 978.86 32.1 75.4
3298 NI 23 4 10 1 84.9952 15.8092 33.86 980.31 31.6 79.7
3298 NI 23 4 10 2 84.9413 16.1858 32.75 981.64 31.1 84.0
3298 NI 23 4 10 3 84.876 16.6761 31.71 982.85 30.6 88.3
3298 NI 23 4 10 4 84.8832 16.9814 30.74 983.97 30.0 92.7
3298 NI 23 4 10 5 85.0466 17.4504 29.82 985.0 29.5 97.0
3298 NI 23 4 10 6 85.0252 17.927 28.96 985.95 29.0 101.3
3298 NI 23 4 10 7 85.0248 18.4349 28.14 986.83 28.5 105.6
3298 NI 23 4 10 8 85.1672 18.9727 27.37 987.65 28.0 110.0
3298 NI 23 4 10 9 85.0483 19.5655 26.64 988.43 27.5 114.3
3298 NI 23 4 10 10 85.202 20.2183 25.95 989.51 27.0 118.6
3298 NI 23 4 10 11 85.2916 20.7478 24.27 991.91 26.5 108.3
3298 NI 23 4 10 12 85.5111 21.4839 22.8 995.05 26.5 82.8
3298 NI 23 4 10 13 85.5235 21.7788 21.5 997.4 26.5 64.3
3298 NI 23 4 10 14 85.643 22.0096 20.34 999.16 26.5 50.6
3298 NI 23 4 10 15 86.1013 22.2951 19.3 1000.21 26.5 40.4
3298 NI 23 4 10 16 86.635 22.6552 18.36 1001.17 26.5 32.6
3298 NI 23 4 10 17 87.0311 23.1779 17.5 1002.07 26.5 26.5
3299 NI 24 0 9 0 91.3583 21.0303 70.44 902.91 48.5 600.0
3299 NI 24 0 9 1 91.7988 21.4743 69.59 907.25 47.4 509.2
3299 NI 24 0 9 2 92.6329 21.953 68.76 912.55 46.3 418.5
3299 NI 24 0 9 3 92.9753 22.4326 67.96 918.68 45.1 327.7
3299 NI 24 0 9 4 93.4383 22.7742 36.28 973.05 44.0 237.0
3299 NI 24 0 9 5 94.0303 23.1338 24.75 988.83 42.9 141.2
3299 NI 24 0 9 6 94.7096 23.889 18.78 997.7 42.9 54.6
3300 NI 24 1 5 0 54.9918 16.9075 67.83 933.52 15.4 106.7
3300 NI 24 1 5 1 54.7984 17.2565 66.19 938.08 17.6 108.1
3300 NI 24 1 5 2 54.7275 17.4779 64.62 940.79 19.7 109.5
3300 NI 24 1 5 3 54.6878 17.7806 55.56 953.89 21.9 110.9
3300 NI 24 1 5 4 54.6132 18.1983 48.73 964.33 24.0 112.3
3300 NI 24 1 5 5 54.5886 18.5735 43.39 972.41 26.2 113.7
3300 NI 24 1 5 6 54.5489 18.8687 39.11 978.33 28.3 115.1
3300 NI 24 1 5 7 54.4743 19.1014 35.59 983.24 30.5 116.5
3300 NI 24 1 5 8 54.3775 19.2605 32.66 986.93 32.6 117.9
3300 NI 24 1 5 9 54.2642 19.4284 30.17 990.11 34.8 119.3
3300 NI 24 1 5 10 54.1453 19.5595 28.04 992.84 36.9 120.7
3300 NI 24 1 5 11 53.9782 19.5997 26.18 995.18 39.1 122.1
3300 NI 24 1 5 12 53.906 19.6299 24.56 997.18 41.2 116.9
3300 NI 24 1 5 13 53.7882 19.7222 23.13 999.49 41.2 97.2
3300 NI 24 1 5 14 53.6712 19.809 21.85 1001.5 41.2 81.6
3300 NI 24 1 5 15 53.5551 19.8902 20.71 1003.23 41.2 69.2
3300 NI 24 1 5 16 53.44 19.9657 19.68 1004.74 41.2 59.1
3300 NI 24 1 5 17 53.3257 20.0357 18.75 1006.12 41.2 50.9
3300 NI 24 1 5 18 53.2123 20.1002 17.9 1007.3 41.2 44.2
3301 NI 24 2 4 0 90.9412 20.158 33.0 987.89 35.3 83.1
3301 NI 24 2 4 1 91.4064 20.8713 30.99 989.28 41.8 122.5
3301 NI 24 2 4 2 91.9684 21.6824 29.21 990.37 48.4 161.9
3301 NI 24 2 4 3 92.594 22.4941 27.62 991.5 54.9 201.3
3301 NI 24 2 4 4 93.367 23.2711 23.17 999.46 61.5 179.9
3301 NI 24 2 4 5 94.2751 23.9425 19.96 1003.45 61.5 101.6
3301 NI 24 2 4 6 95.3127 24.4412 17.52 1006.04 61.5 61.8
3302 NI 25 0 5 0 69.2967 16.539 72.63 913.01 15.0 178.9
3302 NI 25 0 5 1 69.1591 16.5282 72.02 914.21 15.4 177.4
3302 NI 25 0 5 2 69.0741 16.525 71.42 915.37 15.8 176.0
3302 NI 25 0 5 3 68.7165 16.5143 70.83 916.57 16.2 174.6
3302 NI 25 0 5 4 68.3514 16.5111 70.25 917.75 16.6 173.2
3302 NI 25 0 5 5 68.4688 16.5328 69.68 918.79 17.0 171.7
3302 NI 25 0 5 6 68.3288 16.5471 69.12 919.92 17.4 170.3
3302 NI 25 0 5 7 68.1812 16.5263 68.56 920.99 17.9 168.9
3302 NI 25 0 5 8 67.8061 16.5831 68.02 922.06 18.3 167.5
3302 NI 25 0 5 9 67.9798 16.4299 67.48 923.06 18.7 166.0
3302 NI 25 0 5 10 67.9334 16.3691 66.95 924.07 19.1 164.6
3302 NI 25 0 5 11 67.6546 16.3009 66.43 925.12 19.5 163.2
3302 NI 25 0 5 12 67.6108 16.5051 65.92 926.04 19.9 161.8
3302 NI 25 0 5 13 67.507 16.5044 65.42 926.98 20.3 160.4
3302 NI 25 0 5 14 67.3882 16.5412 64.92 927.9 20.8 158.9
3302 NI 25 0 5 15 67.3018 16.6017 64.43 928.84 21.2 157.5
3302 NI 25 0 5 16 67.2155 16.6772 63.95 929.61 21.6 156.1
3302 NI 25 0 5 17 67.1079 16.7489 63.48 930.47 22.0 154.7
3302 NI 25 0 5 18 66.9928 16.8132 63.01 931.33 22.4 153.2
3302 NI 25 0 5 19 66.8778 17.11 62.55 932.11 22.8 151.8
3302 NI 25 0 5 20 66.7702 17.1492 62.1 932.86 23.2 150.4
3302 NI 25 0 5 21 66.6801 17.1885 61.65 933.67 23.6 149.0
3302 NI 25 0 5 22 66.5976 17.2352 61.21 934.47 24.1 147.5
3302 NI 25 0 5 23 66.5075 17.2958 60.78 935.25 24.5 146.1
3302 NI 25 0 5 24 66.4249 17.8713 60.35 935.77 24.9 144.7
3302 NI 25 0 5 25 66.6135 17.9643 59.92 936.52 25.3 143.3
3302 NI 25 0 5 26 66.5522 18.0573 59.51 937.26 25.7 141.9
3302 NI 25 0 5 27 66.451 18.3828 59.1 937.79 26.1 140.4
3302 NI 25 0 5 28 66.3796 18.4433 58.69 938.51 26.5 139.0
3302 NI 25 0 5 29 66.4108 18.7214 58.29 939.0 26.9 137.6
3302 NI 25 0 5 30 66.4569 18.7793 57.9 939.7 27.4 136.2
3302 NI 25 0 5 31 66.4579 18.9285 57.51 940.36 27.8 134.7
3302 NI 25 0 5 32 66.6343 19.6154 57.13 940.73 28.2 133.3
3302 NI 25 0 5 33 66.4382 19.7947 56.75 941.16 28.6 131.9
3302 NI 25 0 5 34 66.3831 20.2228 56.37 941.52 29.0 130.5
3302 NI 25 0 5 35 66.0753 20.401 56.0 942.16 29.4 129.0
3302 NI 25 0 5 36 65.799 20.6274 55.64 942.52 29.8 127.6
3302 NI 25 0 5 37 65.6426 20.998 55.28 943.08 30.2 126.2
3302 NI 25 0 5 38 65.8663 21.2234 54.93 943.39 30.7 124.8
3302 NI 25 0 5 39 66.0873 21.4815 54.58 943.95 31.1 123.4
3302 NI 25 0 5 40 66.2937 21.7594 54.23 944.21 31.5 121.9
3302 NI 25 0 5 41 66.4174 22.0425 53.89 944.75 31.9 120.5
3302 NI 25 0 5 42 66.5424 22.3146 53.55 944.97 32.3 119.1
3302 NI 25 0 5 43 66.673 22.5754 53.22 945.5 32.7 117.7
3302 NI 25 0 5 44 66.8072 22.825 52.89 945.68 33.1 116.2
3302 NI 25 0 5 45 66.945 23.0634 52.57 946.2 33.6 114.8
3302 NI 25 0 5 46 67.0883 23.2911 52.25 946.34 34.0 113.4
3302 NI 25 0 5 47 67.2484 23.5055 51.93 946.85 34.4 112.0
3302 NI 25 0 5 48 67.4146 23.7085 51.62 946.92 34.8 110.5
3302 NI 25 0 5 49 67.587 23.9002 51.31 947.42 35.2 109.1
3302 NI 25 0 5 50 67.7655 24.0806 51.0 947.92 35.6 107.7
3302 NI 25 0 5 51 67.9502 24.2498 42.92 959.66 36.0 106.3
3302 NI 25 0 5 52 68.1674 24.4054 37.05 968.22 36.4 104.9
3302 NI 25 0 5 53 68.3932 24.5496 32.6 974.26 36.9 103.4
3302 NI 25 0 5 54 68.6275 24.6825 29.1 978.36 37.3 102.0
3302 NI 25 0 5 55 68.8702 24.8041 26.27 982.03 37.7 100.6
3302 NI 25 0 5 56 69.1214 24.9145 23.95 985.21 38.1 88.4
3302 NI 25 0 5 57 69.3874 25.0159 22.01 988.19 38.1 70.4
3302 NI 25 0 5 58 69.6622 25.1064 20.35 990.56 38.1 57.1
3302 NI 25 0 5 59 69.9456 25.186 18.93 992.17 38.1 47.0
3302 NI 25 0 5 60 70.2767 25.2524 17.7 993.83 38.1 39.2
3303 NI 25 1 9 0 89.8758 21.5895 33.75 991.31 22.7 87.3
3303 NI 25 1 9 1 90.2048 22.2128 33.11 991.5 26.0 103.9
3303 NI 25 1 9 2 90.9273 22.8706 32.49 992.13 29.4 120.5
3303 NI 25 1 9 3 91.1581 23.5295 27.99 997.47 32.7 137.1
3303 NI 25 1 9 4 91.5095 24.0502 24.59 1001.9 36.0 143.7
3303 NI 25 1 9 5 91.99 24.589 21.92 1006.62 36.0 90.1
3303 NI 25 1 9 6 92.5578 25.5234 19.78 1011.93 36.0 59.2
3303 NI 25 1 9 7 93.0076 26.2772 18.02 1012.63 36.0 40.5
3304 NI 27 0 6 0 72.5253 17.4504 47.38 934.13 45.8 451.5
3304 NI 27 0 6 1 72.8609 18.0984 45.55 938.21 48.0 397.7
3304 NI 27 0 6 2 73.254 18.819 43.85 942.22 50.2 343.9
3304 NI 27 0 6 3 73.5176 19.5531 42.27 946.73 52.3 290.1
3304 NI 27 0 6 4 74.0828 20.0877 31.76 962.44 54.5 236.3
3304 NI 27 0 6 5 74.6621 20.6636 25.44 970.45 56.7 182.5
3304 NI 27 0 6 6 75.3115 21.3564 21.22 977.38 56.7 106.6
3304 NI 27 0 6 7 76.084 22.2071 18.2 980.95 56.7 64.4
3305 NI 28 0 6 0 70.1654 19.2965 54.02 948.13 25.9 225.5
3305 NI 28 0 6 1 70.2613 19.4601 46.09 961.01 30.2 214.8
3305 NI 28 0 6 2 70.489 19.753 40.18 969.88 34.4 204.2
3305 NI 28 0 6 3 70.9434 20.32 35.62 976.37 38.6 193.5
3305 NI 28 0 6 4 71.0627 20.8095 31.99 981.35 42.8 182.9
3305 NI 28 0 6 5 71.1958 21.1958 29.03 985.37 47.0 172.2
3305 NI 28 0 6 6 71.3364 21.516 27.28 987.9 51.3 161.5
3305 NI 28 0 6 7 71.4732 21.8305 25.73 989.33 55.5 150.9
3305 NI 28 0 6 8 71.61 22.1225 24.35 991.58 59.7 131.7
3305 NI 28 0 6 9 71.7506 22.3622 23.11 993.19 59.7 116.2
3305 NI 28 0 6 10 71.9194 22.7504 21.99 994.47 59.7 103.1
3305 NI 28 0 6 11 72.1006 23.2672 20.97 995.76 59.7 92.1
3305 NI 28 0 6 12 72.3173 23.6155 20.05 997.08 59.7 82.6
3305 NI 28 0 6 13 72.6192 23.9787 19.2 998.48 59.7 74.5
3305 NI 28 0 6 14 72.781 24.192 18.42 999.81 59.7 67.5
3305 NI 28 0 6 15 72.9354 24.3852 17.7 1001.31 59.7 61.3
3306 NI 30 0 11 0 90.6932 17.9776 36.03 980.63 19.6 91.6
3306 NI 30 0 11 1 90.799 18.3437 30.1 986.65 33.8 164.1
3306 NI 30 0 11 2 90.9082 18.7112 25.84 990.03 47.9 236.6
3306 NI 30 0 11 3 91.0457 19.1105 22.63 996.46 47.9 151.7
3306 NI 30 0 11 4 91.2025 19.5268 20.14 1001.32 47.9 89.9
3306 NI 30 0 11 5 91.3576 19.9191 18.14 1004.68 47.9 56.3
3307 NI 30 1 6 0 67.2502 21.85 54.83 941.02 10.8 213.2
3307 NI 30 1 6 1 67.5956 22.3695 54.02 942.44 12.2 199.5
3307 NI 30 1 6 2 67.6773 22.8827 53.22 943.72 13.7 185.9
3307 NI 30 1 6 3 67.9458 23.3457 52.45 945.04 15.1 172.3
3307 NI 30 1 6 4 68.3415 23.7583 51.71 946.1 16.5 158.7
3307 NI 30 1 6 5 68.6033 24.0723 50.98 947.57 18.0 145.1
3307 NI 30 1 6 6 69.0171 24.5624 41.03 962.54 19.4 131.5
3307 NI 30 1 6 7 69.6604 25.2822 34.33 971.27 20.9 117.9
3307 NI 30 1 6 8 70.2727 25.9666 29.51 977.89 22.3 104.3
3307 NI 30 1 6 9 70.6505 26.4187 25.88 983.08 23.7 90.7
3307 NI 30 1 6 10 71.0284 26.8708 23.04 987.06 23.7 66.8
3307 NI 30 1 6 11 71.9062 27.3228 20.77 990.17 23.7 45.2
3307 NI 30 1 6 12 72.4676 27.833 18.9 992.44 23.7 31.7
3308 NI 31 0 11 0 80.0425 9.2456 45.05 953.44 16.3 229.7
3308 NI 31 0 11 1 79.4356 9.1027 44.77 953.86 16.6 228.8
3308 NI 31 0 11 2 78.8485 9.025 44.49 954.42 16.9 227.9
3308 NI 31 0 11 3 78.1166 8.951 44.22 955.01 17.1 227.0
3308 NI 31 0 11 4 77.2546 8.9045 43.95 956.09 17.4 226.1
3308 NI 31 0 11 5 76.4833 8.6754 39.91 961.4 17.7 225.2
3308 NI 31 0 11 6 75.8106 8.3839 36.55 966.25 17.9 224.3
3308 NI 31 0 11 7 75.22 8.1759 36.37 966.59 18.2 223.4
3308 NI 31 0 11 8 74.6667 8.0133 36.18 966.95 18.5 222.5
3308 NI 31 0 11 9 74.084 7.8757 36.0 967.28 18.8 221.6
3308 NI 31 0 11 10 73.4727 7.7928 35.82 967.6 19.0 220.7
3308 NI 31 0 11 11 72.8145 7.7712 35.64 967.92 19.3 219.8
3308 NI 31 0 11 12 72.2287 7.7722 35.47 968.21 19.6 218.9
3308 NI 31 0 11 13 71.5895 7.7747 35.29 968.5 19.8 218.0
3308 NI 31 0 11 14 70.9348 7.8016 35.12 968.78 20.1 217.1
3308 NI 31 0 11 15 70.3153 7.8625 34.95 969.08 20.4 216.2
3308 NI 31 0 11 16 69.7408 7.9311 34.78 969.35 20.6 215.3
3308 NI 31 0 11 17 69.2043 7.982 34.61 969.62 20.9 214.4
3308 NI 31 0 11 18 68.7468 8.0105 34.45 969.9 21.2 213.5
3308 NI 31 0 11 19 68.3673 8.0077 34.28 970.18 21.5 212.6
3308 NI 31 0 11 20 67.9029 7.9899 34.12 970.43 21.7 211.7
3308 NI 31 0 11 21 67.5576 7.9829 33.96 970.71 22.0 210.9
3308 NI 31 0 11 22 67.2089 7.9694 33.8 970.99 22.3 210.0
3308 NI 31 0 11 23 66.7057 7.9342 33.64 971.27 22.5 209.1
3308 NI 31 0 11 24 66.165 7.8988 33.48 971.55 22.8 208.2
3308 NI 31 0 11 25 65.6705 7.8851 33.33 971.82 23.1 207.3
3308 NI 31 0 11 26 65.2139 7.914 33.17 972.08 23.3 206.4
3308 NI 31 0 11 27 64.8248 7.968 33.02 972.34 23.6 205.5
3308 NI 31 0 11 28 64.302 8.0327 32.87 972.59 23.9 204.6
3308 NI 31 0 11 29 63.7909 8.1735 32.72 972.85 24.2 203.7
3308 NI 31 0 11 30 63.3831 8.0871 32.57 973.07 24.4 202.8
3308 NI 31 0 11 31 62.9254 8.1304 32.42 973.36 24.7 201.9
3308 NI 31 0 11 32 62.4674 8.1714 32.28 973.61 25.0 201.0
3308 NI 31 0 11 33 62.0088 8.2099 32.13 973.86 25.2 200.1
3308 NI 31 0 11 34 61.5496 8.2462 31.99 974.11 25.5 199.2
3308 NI 31 0 11 35 61.0891 8.2802 31.85 974.37 25.8 198.3
3308 NI 31 0 11 36 60.6279 8.3118 31.71 974.62 26.0 197.4
3308 NI 31 0 11 37 60.1649 8.3413 31.57 974.87 26.3 196.5
3308 NI 31 0 11 38 59.701 8.3685 31.43 975.12 26.6 195.6
3308 NI 31 0 11 39 59.235 8.3936 31.29 975.37 26.9 194.7
3308 NI 31 0 11 40 58.768 8.4165 31.16 975.62 27.1 193.8
3308 NI 31 0 11 41 58.2988 8.4373 31.02 975.87 27.4 192.9
3308 NI 31 0 11 42 57.8284 8.4559 30.89 976.12 27.7 192.1
3308 NI 31 0 11 43 57.3556 8.4727 30.76 976.36 27.9 191.2
3308 NI 31 0 11 44 56.8816 8.4874 30.63 976.56 28.2 190.3
3308 NI 31 0 11 45 56.4063 8.4999 30.5 976.81 28.5 189.4
3308 NI 31 0 11 46 55.928 8.5106 30.37 977.05 28.7 188.5
3308 NI 31 0 11 47 55.4484 8.5191 30.24 977.3 29.0 187.6
3308 NI 31 0 11 48 54.9653 8.5255 30.11 977.55 29.3 186.7
3308 NI 31 0 11 49 54.4807 8.5298 29.99 977.8 29.6 185.8
3308 NI 31 0 11 50 53.9921 8.5323 29.86 978.05 29.8 184.9
3308 NI 31 0 11 51 53.5021 8.5328 29.74 978.3 30.1 184.0
3308 NI 31 0 11 52 53.008 8.5318 29.61 978.54 30.4 183.1
3308 NI 31 0 11 53 52.5122 8.5289 29.49 978.79 30.6 182.2
3308 NI 31 0 11 54 52.0128 8.5242 29.37 979.03 30.9 181.3
3308 NI 31 0 11 55 51.5116 8.5177 29.25 979.27 31.2 180.4
3308 NI 31 0 11 56 51.0069 8.5103 29.13 979.5 31.4 179.5
3308 NI 31 0 11 57 50.5004 8.5011 29.02 979.72 31.7 178.6
3308 NI 31 0 11 58 49.9899 8.4918 28.9 980.3 32.0 177.7
3308 NI 31 0 11 59 49.4776 8.4808 28.78 980.8 32.3 176.8
3308 NI 31 0 11 60 48.9631 8.4711 27.4 982.49 32.5 175.9
3308 NI 31 0 11 61 48.4468 8.4599 26.14 984.26 32.8 175.0
3308 NI 31 0 11 62 47.9293 8.4505 24.99 985.91 33.1 174.0
3308 NI 31 0 11 63 47.4101 8.4397 23.94 988.24 33.1 142.4
3308 NI 31 0 11 64 46.8896 8.43 22.98 990.17 33.1 117.6
3308 NI 31 0 11 65 46.3674 8.419 22.09 991.67 33.1 97.8
3308 NI 31 0 11 66 45.8432 8.4122 21.26 993.28 33.1 81.9
3308 NI 31 0 11 67 45.3169 8.4083 20.5 994.81 33.1 69.1
3308 NI 31 0 11 68 44.7889 8.4033 19.79 996.25 33.1 58.6
3308 NI 31 0 11 69 44.259 8.4036 19.12 997.66 33.1 50.0
3308 NI 31 0 11 70 43.7276 8.4031 18.5 998.57 33.1 42.8
3308 NI 31 0 11 71 43.2002 8.4103 17.92 999.1 33.1 36.9
3309 NI 31 1 11 0 79.9235 10.6147 49.96 950.22 41.7 145.8
3309 NI 31 1 11 1 79.2561 10.5295 48.99 952.12 37.7 144.2
3309 NI 31 1 11 2 78.6086 10.5095 48.05 953.94 33.7 142.6
3309 NI 31 1 11 3 77.8163 10.4931 33.26 977.15 29.7 140.9
3309 NI 31 1 11 4 76.8937 10.5043 25.43 988.25 25.7 139.3
3309 NI 31 1 11 5 76.062 10.333 20.59 993.79 25.7 55.5
3310 NI 31 2 5 0 94.8757 13.9593 37.32 967.72 63.5 231.5
3310 NI 31 2 5 1 95.2554 13.8519 34.83 971.75 57.6 214.4
3310 NI 31 2 5 2 95.7964 13.797 32.66 975.31 51.8 197.2
3310 NI 31 2 5 3 96.215 14.0148 30.74 978.41 45.9 180.0
3310 NI 31 2 5 4 96.3773 13.9636 29.03 981.25 40.0 162.8
3310 NI 31 2 5 5 96.5245 13.9276 27.5 983.75 34.2 145.7
3310 NI 31 2 5 6 96.9708 14.1697 26.12 985.95 28.3 128.5
3310 NI 31 2 5 7 97.3841 14.4238 24.88 988.18 22.5 109.0
3310 NI 31 2 5 8 97.7489 14.6968 23.75 990.13 22.5 88.4
3310 NI 31 2 5 9 97.9937 15.0033 22.72 992.54 22.5 72.4
3310 NI 31 2 5 10 98.0342 15.372 21.77 993.91 22.5 59.8
3310 NI 31 2 5 11 98.1032 15.8161 20.47 995.3 22.5 45.4
3310 NI 31 2 5 12 98.3493 16.3478 19.33 996.83 22.5 35.1
3310 NI 31 2 5 13 98.7128 16.9289 18.3 998.57 22.5 27.4
3311 NI 31 3 10 0 83.0405 16.2767 60.09 939.44 48.3 271.3
3311 NI 31 3 10 1 82.7323 16.4744 57.51 944.24 46.9 256.2
3311 NI 31 3 10 2 82.4746 16.6947 55.15 948.61 45.5 241.1
3311 NI 31 3 10 3 82.2204 17.0275 52.98 952.62 44.0 225.9
3311 NI 31 3 10 4 81.9587 17.4627 50.97 956.74 42.6 210.8
3311 NI 31 3 10 5 81.8108 17.7355 44.33 967.88 41.2 195.7
3311 NI 31 3 10 6 81.2928 18.4307 39.23 975.56 39.7 180.6
3311 NI 31 3 10 7 81.216 19.2184 35.17 982.69 38.3 165.5
3311 NI 31 3 10 8 81.1912 19.5773 31.88 987.58 36.9 150.3
3311 NI 31 3 10 9 81.2065 19.8959 29.15 991.49 35.4 135.2
3311 NI 31 3 10 10 81.251 20.2067 26.85 994.53 34.0 120.1
3311 NI 31 3 10 11 81.328 20.4333 24.89 997.47 32.6 103.5
3311 NI 31 3 10 12 81.3451 21.0847 23.19 999.92 32.6 82.1
3311 NI 31 3 10 13 81.3419 22.4358 21.72 1002.99 32.6 66.1
3311 NI 31 3 10 14 81.3792 23.6027 20.41 1004.53 32.6 54.0
3311 NI 31 3 10 15 81.4963 23.9117 19.26 1005.88 32.6 44.6
3311 NI 31 3 10 16 81.6133 24.4207 18.23 1007.0 32.6 37.2
3312 NI 32 0 5 0 93.3688 17.1397 46.62 938.34 40.7 600.0
3312 NI 32 0 5 1 93.7907 17.6126 43.97 945.05 36.3 508.9
3312 NI 32 0 5 2 94.1881 18.0269 41.61 951.18 32.0 417.9
3312 NI 32 0 5 3 94.7084 18.5018 39.48 957.94 27.6 326.8
3312 NI 32 0 5 4 95.4187 19.1227 37.57 961.94 23.2 235.7
3312 NI 32 0 5 5 96.4243 20.0131 30.18 976.99 18.8 144.7
3312 NI 32 0 5 6 97.1837 20.8442 25.22 986.08 14.4 53.6
3312 NI 32 0 5 7 97.9366 21.6932 21.66 989.64 14.4 31.6
3312 NI 32 0 5 8 98.6887 22.5457 18.98 993.04 14.4 19.4
3313 NI 32 1 11 0 58.9807 6.6628 82.86 890.55 34.8 585.5
3313 NI 32 1 11 1 58.8206 7.0166 80.31 895.92 38.0 575.1
3313 NI 32 1 11 2 58.4405 7.3779 77.91 900.91 41.2 564.7
3313 NI 32 1 11 3 58.3028 7.4929 75.65 905.61 44.4 554.3
3313 NI 32 1 11 4 58.1502 7.593 73.52 909.96 47.7 543.9
3313 NI 32 1 11 5 57.4663 7.9193 71.51 914.09 50.9 533.6
3313 NI 32 1 11 6 57.2599 7.9581 69.6 917.97 54.1 523.2
3313 NI 32 1 11 7 56.963 7.9774 67.79 921.59 57.3 512.8
3313 NI 32 1 11 8 56.5692 8.0057 66.07 925.04 60.5 502.4
3313 NI 32 1 11 9 56.1038 8.0657 64.44 928.3 63.7 492.1
3313 NI 32 1 11 10 55.597 8.1449 62.89 931.46 66.9 481.7
3313 NI 32 1 11 11 55.073 8.2496 61.41 934.38 70.1 471.3
3313 NI 32 1 11 12 54.5536 8.3323 59.99 937.17 73.3 460.9
3313 NI 32 1 11 13 54.1162 8.3434 58.64 939.83 76.5 450.5
3313 NI 32 1 11 14 53.7488 8.3285 57.36 942.38 79.8 440.2
3313 NI 32 1 11 15 53.4211 8.3436 56.12 944.75 83.0 429.8
3313 NI 32 1 11 16 53.1085 8.3337 54.94 947.08 86.2 419.4
3313 NI 32 1 11 17 52.8309 8.3662 53.81 949.3 89.4 409.0
3313 NI 32 1 11 18 52.5682 8.3988 52.72 951.37 92.6 398.6
3313 NI 32 1 11 19 52.298 8.3963 51.67 953.42 95.8 388.3
3313 NI 32 1 11 20 52.0279 8.3639 50.67 955.35 99.0 377.9
3313 NI 32 1 11 21 51.7803 8.3189 49.71 957.25 102.2 367.5
3313 NI 32 1 11 22 51.4876 8.229 48.78 959.04 105.4 357.1
3313 NI 32 1 11 23 51.09 8.084 47.88 960.71 108.6 346.8
3313 NI 32 1 11 24 50.6473 7.8941 47.02 962.42 111.9 336.4
3313 NI 32 1 11 25 50.2423 7.699 46.18 964.09 115.1 326.0
3313 NI 32 1 11 26 49.8071 7.4592 45.38 965.63 118.3 315.6
3313 NI 32 1 11 27 49.3095 7.1717 44.61 967.41 121.5 305.2
3313 NI 32 1 11 28 48.7668 6.8243 43.86 968.58 124.7 294.9
3313 NI 32 1 11 29 48.2193 6.4742 33.12 984.32 127.9 284.5
3313 NI 32 1 11 30 47.6265 5.9894 26.61 993.27 131.1 274.1
3313 NI 32 1 11 31 46.9862 5.2519 22.24 1000.6 131.1 215.2
3313 NI 32 1 11 32 46.2862 4.4545 19.1 1006.21 131.1 157.1
3314 NI 32 2 11 0 90.1429 17.7108 73.43 909.24 35.1 362.5
3314 NI 32 2 11 1 90.6186 18.2011 70.59 915.46 38.0 332.4
3314 NI 32 2 11 2 91.2847 18.7549 67.95 921.14 40.9 302.2
3314 NI 32 2 11 3 92.5954 19.5366 65.51 926.17 43.8 272.0
3314 NI 32 2 11 4 93.8598 20.2823 63.23 931.97 46.8 241.9
3314 NI 32 2 11 5 95.0423 20.9028 61.11 936.5 49.7 211.7
3314 NI 32 2 11 6 96.0182 21.593 34.99 977.89 52.6 181.6
3314 NI 32 2 11 7 97.1381 22.1483 24.51 994.65 55.6 143.2
3314 NI 32 2 11 8 98.21 22.637 18.86 1004.4 55.6 68.6
3315 NI 33 0 5 0 80.6855 13.8199 35.61 974.16 39.9 115.9
3315 NI 33 0 5 1 80.6745 14.1279 33.91 976.19 45.0 117.4
3315 NI 33 0 5 2 80.6786 14.2083 32.38 978.22 50.2 119.0
3315 NI 33 0 5 3 80.6576 14.345 30.97 980.04 55.4 120.6
3315 NI 33 0 5 4 80.3716 14.7467 29.69 981.25 60.6 122.1
3315 NI 33 0 5 5 80.3219 14.8772 28.5 982.73 65.8 123.7
3315 NI 33 0 5 6 80.2647 15.2351 27.41 983.89 70.9 125.2
3315 NI 33 0 5 7 79.9537 15.5618 26.39 985.08 76.1 126.8
3315 NI 33 0 5 8 79.9077 15.7235 25.45 986.06 81.3 128.4
3315 NI 33 0 5 9 79.8893 15.8427 20.36 993.19 81.3 98.7
3316 NI 33 1 5 0 84.7332 17.4437 39.16 963.03 39.3 107.6
3316 NI 33 1 5 1 84.8359 17.7891 38.13 963.91 41.4 117.2
3316 NI 33 1 5 2 84.9759 18.1844 37.15 964.79 43.4 126.8
3316 NI 33 1 5 3 85.2148 18.5898 36.22 965.74 45.5 136.4
3316 NI 33 1 5 4 85.5186 19.0751 35.33 966.42 47.6 146.0
3316 NI 33 1 5 5 85.7364 19.6092 34.49 966.91 49.7 155.6
3316 NI 33 1 5 6 85.9614 20.2158 33.69 967.26 51.8 165.2
3316 NI 33 1 5 7 86.1529 20.7185 32.92 967.76 53.9 174.9
3316 NI 33 1 5 8 86.6041 21.2565 31.03 969.96 56.0 184.5
3316 NI 33 1 5 9 87.0069 21.6983 29.35 971.63 58.1 194.1
3316 NI 33 1 5 10 87.5468 22.1472 27.83 973.22 60.2 203.7
3316 NI 33 1 5 11 88.2434 22.7562 26.47 974.72 62.3 213.3
3316 NI 33 1 5 12 88.6467 23.3665 25.23 976.07 64.4 222.9
3316 NI 33 1 5 13 89.2064 23.8943 24.11 978.4 64.4 196.5
3316 NI 33 1 5 14 89.7073 24.5536 23.08 980.69 64.4 168.8
3316 NI 33 1 5 15 90.1943 25.0282 22.13 982.89 64.4 145.9
3316 NI 33 1 5 16 90.975 25.4193 21.26 986.92 64.4 126.8
3316 NI 33 1 5 17 91.5571 25.9326 20.46 987.5 64.4 110.9
3316 NI 33 1 5 18 92.1489 26.4366 19.71 987.66 64.4 97.4
3316 NI 33 1 5 19 92.7487 26.9346 19.02 989.88 64.4 86.0
3316 NI 33 1 5 20 93.3578 27.4251 18.37 993.84 64.4 76.2
3316 NI 33 1 5 21 93.9585 27.915 17.77 994.21 64.4 67.9
3317 NI 34 0 5 0 82.3118 12.6461 73.0 902.46 11.8 470.4
3317 NI 34 0 5 1 82.3597 12.8683 70.73 906.83 12.3 465.1
3317 NI 34 0 5 2 82.4226 12.863 68.59 911.04 12.9 459.8
3317 NI 34 0 5 3 82.4605 12.9139 66.58 914.84 13.5 454.5
3317 NI 34 0 5 4 82.2333 13.2299 64.68 918.03 14.0 449.2
3317 NI 34 0 5 5 82.2425 13.2745 62.89 921.35 14.6 443.9
3317 NI 34 0 5 6 82.2441 13.5467 61.2 924.4 15.1 438.6
3317 NI 34 0 5 7 81.992 13.7877 59.59 927.08 15.7 433.2
3317 NI 34 0 5 8 82.0049 13.8636 58.07 929.81 16.3 427.9
3317 NI 34 0 5 9 82.0452 13.897 56.62 932.4 16.8 422.6
3317 NI 34 0 5 10 82.1156 13.9804 55.24 934.83 17.4 417.3
3317 NI 34 0 5 11 82.2097 13.9601 53.93 937.15 18.0 412.0
3317 NI 34 0 5 12 82.3264 13.9473 52.68 939.35 18.5 406.7
3317 NI 34 0 5 13 82.5492 13.9557 51.48 941.56 19.1 401.4
3317 NI 34 0 5 14 82.7371 14.0785 50.34 943.51 19.6 396.1
3317 NI 34 0 5 15 82.9742 14.2159 49.25 945.29 20.2 390.8
3317 NI 34 0 5 16 83.2779 14.341 48.2 947.06 20.8 385.5
3317 NI 34 0 5 17 83.4708 14.297 47.2 948.9 21.3 380.2
3317 NI 34 0 5 18 83.7586 14.2979 46.24 950.54 21.9 374.9
3317 NI 34 0 5 19 84.0414 14.3039 45.32 952.21 22.5 369.6
3317 NI 34 0 5 20 84.3194 14.3148 44.43 953.71 23.0 364.2
3317 NI 34 0 5 21 84.5797 14.3082 43.58 955.26 23.6 358.9
3317 NI 34 0 5 22 84.8342 14.297 42.76 956.65 24.2 353.6
3317 NI 34 0 5 23 85.0829 14.2813 41.97 958.08 24.7 348.3
3317 NI 34 0 5 24 85.3268 14.2623 41.21 959.37 25.3 343.0
3317 NI 34 0 5 25 85.5652 14.2393 40.47 960.7 25.8 337.7
3317 NI 34 0 5 26 85.7982 14.2121 39.76 961.9 26.4 332.4
3317 NI 34 0 5 27 86.0257 14.1808 39.08 963.15 27.0 327.1
3317 NI 34 0 5 28 86.2509 14.1501 38.42 964.26 27.5 321.8
3317 NI 34 0 5 29 86.4711 14.116 37.78 965.6 28.1 316.5
3317 NI 34 0 5 30 86.6837 14.0847 37.16 966.64 28.7 311.2
3317 NI 34 0 5 31 86.8911 14.0506 36.56 967.75 29.2 305.9
3317 NI 34 0 5 32 87.0995 14.0229 35.98 968.73 29.8 300.6
3317 NI 34 0 5 33 87.3034 13.9932 35.42 969.68 30.4 295.2
3317 NI 34 0 5 34 87.5026 13.9617 34.88 970.7 30.9 289.9
3317 NI 34 0 5 35 87.6972 13.9283 34.35 971.6 31.5 284.6
3317 NI 34 0 5 36 87.8873 13.8931 33.84 972.56 32.0 279.3
3317 NI 34 0 5 37 88.0826 13.8688 33.34 973.41 32.6 274.0
3317 NI 34 0 5 38 88.2739 13.8434 32.86 974.23 33.2 268.7
3317 NI 34 0 5 39 88.4613 13.817 32.39 975.12 33.7 263.4
3317 NI 34 0 5 40 88.6449 13.7895 31.93 975.89 34.3 258.1
3317 NI 34 0 5 41 88.8246 13.761 31.49 976.65 34.9 252.8
3317 NI 34 0 5 42 89.0005 13.7314 31.06 977.48 35.4 247.5
3317 NI 34 0 5 43 89.1854 13.7177 30.64 978.2 36.0 242.2
3317 NI 34 0 5 44 89.3671 13.7037 30.23 978.9 36.6 236.9
3317 NI 34 0 5 45 89.5457 13.6894 29.84 979.68 37.1 231.6
3317 NI 34 0 5 46 89.7211 13.6748 29.45 980.35 37.7 226.2
3317 NI 34 0 5 47 89.8934 13.6599 29.07 981.08 38.2 220.9
3317 NI 34 0 5 48 90.077 13.6645 28.7 981.72 38.8 215.6
3317 NI 34 0 5 49 90.258 13.6694 28.35 982.34 39.4 210.3
3317 NI 34 0 5 50 90.4365 13.6748 28.0 983.03 39.9 205.0
3317 NI 34 0 5 51 90.6125 13.6805 27.66 983.63 40.5 199.7
3317 NI 34 0 5 52 90.786 13.6865 27.32 984.22 41.1 194.4
3317 NI 34 0 5 53 90.9572 13.6929 27.0 984.87 41.6 189.1
3317 NI 34 0 5 54 91.1397 13.7228 26.68 985.42 42.2 183.8
3317 NI 34 0 5 55 91.3203 13.7537 26.37 985.97 42.7 178.5
3317 NI 34 0 5 56 91.499 13.7854 26.07 986.59 43.3 173.2
3317 NI 34 0 5 57 91.6757 13.8181 25.77 987.11 43.9 167.9
3317 NI 34 0 5 58 91.8506 13.8516 25.48 987.63 44.4 162.6
3317 NI 34 0 5 59 92.0236 13.886 25.2 988.21 45.0 157.2
3317 NI 34 0 5 60 92.2073 13.9436 24.92 988.75 45.6 150.4
3317 NI 34 0 5 61 92.3894 14.0024 24.65 989.31 45.6 144.9
3317 NI 34 0 5 62 92.5701 14.0625 24.39 989.78 45.6 139.8
3317 NI 34 0 5 63 92.7493 14.1238 24.13 990.23 45.6 134.8
3317 NI 34 0 5 64 92.9272 14.1864 23.88 990.62 45.6 130.1
3317 NI 34 0 5 65 93.1293 14.2561 23.63 991.05 45.6 125.6
3317 NI 34 0 5 66 93.3305 14.327 23.38 991.47 45.6 121.2
3317 NI 34 0 5 67 93.5309 14.3992 23.15 991.93 45.6 117.1
3317 NI 34 0 5 68 93.7304 14.4726 22.91 992.32 45.6 113.2
3317 NI 34 0 5 69 93.9291 14.5471 22.68 992.76 45.6 109.4
3317 NI 34 0 5 70 94.1387 14.641 22.46 993.0 45.6 105.8
3317 NI 34 0 5 71 94.3477 14.7362 22.24 993.35 45.6 102.3
3317 NI 34 0 5 72 94.5561 14.8327 22.02 993.74 45.6 99.0
3317 NI 34 0 5 73 94.764 14.9304 21.81 994.08 45.6 95.9
3317 NI 34 0 5 74 94.9713 15.0294 21.6 994.45 45.6 92.8
3317 NI 34 0 5 75 95.1863 15.1468 21.4 994.62 45.6 89.9
3317 NI 34 0 5 76 95.4273 15.254 21.2 994.97 45.6 87.1
3317 NI 34 0 5 77 95.6683 15.3623 21.0 995.26 45.6 84.4
3317 NI 34 0 5 78 95.9092 15.4717 20.81 995.61 45.6 81.8
3317 NI 34 0 5 79 96.1541 15.6 20.62 995.89 45.6 79.3
3317 NI 34 0 5 80 96.3991 15.7295 20.44 996.08 45.6 76.9
3317 NI 34 0 5 81 96.6441 15.8602 20.26 996.34 45.6 74.7
3317 NI 34 0 5 82 96.8891 15.9919 20.08 996.71 45.6 72.4
3317 NI 34 0 5 83 97.1339 16.1389 19.9 996.83 45.6 70.3
3317 NI 34 0 5 84 97.4168 16.2802 19.73 997.22 45.6 68.3
3317 NI 34 0 5 85 97.7 16.4224 19.56 997.45 45.6 66.3
3317 NI 34 0 5 86 97.9836 16.5655 19.39 998.21 45.6 64.4
3318 NI 34 1 11 0 52.6659 9.3835 57.02 937.04 43.2 432.7
3318 NI 34 1 11 1 52.0435 9.1607 56.35 938.93 45.9 410.1
3318 NI 34 1 11 2 51.5509 8.9531 55.7 940.66 48.7 387.6
3318 NI 34 1 11 3 51.0571 8.7229 55.07 942.47 51.4 365.0
3318 NI 34 1 11 4 50.5859 8.5227 54.45 944.12 54.1 342.4
3318 NI 34 1 11 5 50.1922 8.3887 53.84 946.21 56.8 319.8
3318 NI 34 1 11 6 49.9709 8.3423 53.25 947.85 59.5 297.3
3318 NI 34 1 11 7 49.6634 8.3558 35.8 975.29 62.3 274.7
3318 NI 34 1 11 8 49.2559 8.3619 26.96 987.69 65.0 252.1
3318 NI 34 1 11 9 48.9119 8.3291 21.62 997.53 65.0 145.2
3318 NI 34 1 11 10 48.5409 8.2815 18.05 1004.05 65.0 73.1
3319 NI 34 2 10 0 66.738 17.028 62.39 936.38 25.4 433.3
3319 NI 34 2 10 1 66.3163 17.0815 60.5 939.83 25.9 430.3
3319 NI 34 2 10 2 65.8947 17.0926 58.72 942.96 26.3 427.4
3319 NI 34 2 10 3 65.5018 17.0962 57.05 945.97 26.8 424.4
3319 NI 34 2 10 4 65.1013 17.2573 55.46 948.78 27.3 421.5
3319 NI 34 2 10 5 64.5046 17.3508 53.96 951.4 27.8 418.5
3319 NI 34 2 10 6 64.0579 17.3719 52.54 953.87 28.3 415.6
3319 NI 34 2 10 7 63.5499 17.358 51.2 956.19 28.8 412.6
3319 NI 34 2 10 8 63.1146 17.3366 49.92 958.39 29.3 409.7
3319 NI 34 2 10 9 62.7816 17.3364 48.7 960.45 29.7 406.7
3319 NI 34 2 10 10 62.4712 17.3512 47.54 962.35 30.2 403.8
3319 NI 34 2 10 11 62.1495 17.4298 46.44 964.18 30.7 400.8
3319 NI 34 2 10 12 61.8278 17.4659 45.38 965.93 31.2 397.9
3319 NI 34 2 10 13 61.5524 17.4982 44.37 967.54 31.7 394.9
3319 NI 34 2 10 14 61.1845 17.5805 43.41 969.11 32.2 392.0
3319 NI 34 2 10 15 60.934 17.6166 42.49 970.57 32.7 389.0
3319 NI 34 2 10 16 60.6411 17.6952 41.6 972.0 33.1 386.1
3319 NI 34 2 10 17 60.3944 17.6638 40.75 973.35 33.6 383.1
3319 NI 34 2 10 18 60.1977 17.6599 39.94 974.65 34.1 380.2
3319 NI 34 2 10 19 59.9085 17.5784 39.15 975.87 34.6 377.2
3319 NI 34 2 10 20 59.6544 17.5245 38.4 977.08 35.1 374.3
3319 NI 34 2 10 21 59.3114 17.4181 37.68 978.24 35.6 371.3
3319 NI 34 2 10 22 58.911 17.2892 36.98 979.35 36.1 368.4
3319 NI 34 2 10 23 58.5893 17.129 36.31 980.42 36.5 365.4
3319 NI 34 2 10 24 58.2176 16.8538 35.66 981.48 37.0 362.5
3319 NI 34 2 10 25 57.9322 16.6324 35.03 982.49 37.5 359.5
3319 NI 34 2 10 26 57.5742 16.3185 34.43 983.48 38.0 356.6
3319 NI 34 2 10 27 57.1239 16.1334 33.85 984.41 38.5 353.6
3319 NI 34 2 10 28 56.7309 15.8831 33.28 985.34 39.0 350.7
3319 NI 34 2 10 29 56.3442 15.5767 32.74 986.25 39.5 347.7
3319 NI 34 2 10 30 56.0375 15.2978 32.21 987.11 39.9 344.8
3319 NI 34 2 10 31 55.6796 14.8726 31.7 987.98 40.4 341.8
3319 NI 34 2 10 32 55.4441 14.5124 31.2 988.8 40.9 338.9
3319 NI 34 2 10 33 55.2438 14.241 30.72 989.6 41.4 335.9
3319 NI 34 2 10 34 55.0508 14.0271 30.26 990.33 41.9 333.0
3319 NI 34 2 10 35 54.7366 13.7457 29.81 991.07 42.4 330.0
3319 NI 34 2 10 36 54.5574 13.3417 29.37 991.8 42.9 327.1
3319 NI 34 2 10 37 54.3333 13.0528 28.94 992.55 43.3 324.1
3319 NI 34 2 10 38 54.014 12.7064 28.53 993.25 43.8 321.2
3319 NI 34 2 10 39 53.5611 12.3888 28.13 994.14 44.3 318.2
3319 NI 34 2 10 40 53.0707 12.0211 27.74 994.51 44.8 315.3
3319 NI 34 2 10 41 52.5878 11.6971 26.48 996.24 45.3 312.3
3319 NI 34 2 10 42 51.8273 11.2357 26.13 996.77 45.8 309.4
3319 NI 34 2 10 43 51.5344 10.6892 25.79 997.42 46.3 306.4
3319 NI 34 2 10 44 51.0839 10.1004 25.46 998.04 46.7 303.5
3319 NI 34 2 10 45 50.4861 9.61 25.14 998.93 47.2 300.5
3319 NI 34 2 10 46 49.7906 9.265 24.83 1000.41 47.2 290.1
3319 NI 34 2 10 47 48.8415 8.9801 19.97 1012.0 47.2 93.7
3320 NI 34 3 11 0 83.8719 17.2626 47.21 956.13 46.7 242.2
3320 NI 34 3 11 1 83.8294 18.1752 45.6 958.5 45.7 257.0
3320 NI 34 3 11 2 83.8896 18.9128 44.09 960.84 44.7 271.8
3320 NI 34 3 11 3 83.9337 19.8224 34.04 975.66 43.7 286.7
3320 NI 34 3 11 4 84.0073 20.8131 27.72 982.52 42.7 301.5
3320 NI 34 3 11 5 84.1003 21.7642 23.39 990.65 41.8 216.6
3320 NI 34 3 11 6 84.275 22.6633 20.22 999.03 41.8 94.9
3320 NI 34 3 11 7 84.5785 23.5128 17.81 1003.45 41.8 46.1
3321 NI 36 0 5 0 81.539 14.186 49.32 957.03 54.2 349.7
3321 NI 36 0 5 1 81.5642 14.6022 47.77 959.94 52.1 330.4
3321 NI 36 0 5 2 81.6044 14.7909 46.32 962.51 49.9 311.1
3321 NI 36 0 5 3 81.6196 15.0359 44.95 965.12 47.8 291.8
3321 NI 36 0 5 4 81.3697 15.5459 43.66 967.21 45.7 272.6
3321 NI 36 0 5 5 81.3562 15.7846 42.45 969.35 43.5 253.3
3321 NI 36 0 5 6 81.3351 16.2508 41.3 971.31 41.4 234.0
3321 NI 36 0 5 7 81.0602 16.6858 40.21 973.48 39.3 214.7
3321 NI 36 0 5 8 81.0504 16.9557 39.17 975.49 37.1 195.4
3321 NI 36 0 5 9 81.0681 17.1832 30.75 987.84 35.0 176.1
3321 NI 36 0 5 10 81.1158 17.4607 25.31 995.42 32.9 156.8
3321 NI 36 0 5 11 81.1872 17.6344 21.5 1001.86 32.9 81.0
3321 NI 36 0 5 12 81.2811 17.8156 18.69 1006.28 32.9 43.8
3322 NI 38 0 5 0 91.3087 22.4025 33.0 974.2 46.7 116.0
3322 NI 38 0 5 1 91.9356 22.8448 30.91 977.14 51.1 127.8
3322 NI 38 0 5 2 92.2701 23.3465 29.07 979.27 55.5 139.5
3322 NI 38 0 5 3 92.4446 24.0177 20.25 992.73 55.5 80.9
3323 NI 38 1 10 0 85.031 17.6486 78.04 903.99 34.2 199.3
3323 NI 38 1 10 1 84.722 18.0416 72.8 914.31 33.0 187.9
3323 NI 38 1 10 2 84.4707 18.3047 68.22 923.18 31.8 176.4
3323 NI 38 1 10 3 84.2255 18.5539 64.18 930.79 30.7 165.0
3323 NI 38 1 10 4 84.0104 18.8607 60.6 938.23 29.5 153.5
3323 NI 38 1 10 5 83.9791 19.21 45.68 963.34 28.3 142.1
3323 NI 38 1 10 6 83.9502 19.5668 36.65 976.89 27.2 130.6
3323 NI 38 1 10 7 84.1688 19.8373 30.61 985.92 26.0 119.2
3323 NI 38 1 10 8 84.4399 20.1228 26.27 990.71 24.8 107.8
3323 NI 38 1 10 9 84.7004 20.4239 23.01 996.01 24.8 76.6
3323 NI 38 1 10 10 84.9796 20.7217 20.47 999.42 24.8 47.4
3323 NI 38 1 10 11 85.2619 20.9761 18.44 1002.27 24.8 30.8
3324 NI 38 2 11 0 64.6002 22.2799 58.76 955.83 20.9 101.6
3324 NI 38 2 11 1 65.0019 22.648 58.21 956.58 28.9 105.2
3324 NI 38 2 11 2 65.5536 23.0563 57.66 957.23 37.0 108.8
3324 NI 38 2 11 3 66.2064 23.3675 57.13 957.95 45.1 112.5
3324 NI 38 2 11 4 66.8405 23.7994 56.6 958.62 53.2 116.1
3324 NI 38 2 11 5 67.3314 24.4834 56.09 959.2 61.3 119.7
3324 NI 38 2 11 6 67.494 24.4758 55.58 959.82 69.3 123.3
3324 NI 38 2 11 7 67.6541 24.4432 41.27 982.14 77.4 126.9
3324 NI 38 2 11 8 67.8141 24.3856 32.82 994.03 85.5 130.5
3324 NI 38 2 11 9 67.9817 24.3171 27.24 1001.26 93.6 134.2
3324 NI 38 2 11 10 68.1343 24.2287 23.29 1006.41 101.7 129.7
3324 NI 38 2 11 11 68.2544 24.1219 20.33 1010.38 101.7 115.5
3324 NI 38 2 11 12 68.3544 24.0051 18.05 1013.45 101.7 104.3
3325 NI 39 0 5 0 68.4336 23.3628 48.87 956.49 35.6 198.4
3325 NI 39 0 5 1 68.4605 23.6112 44.92 962.94 33.8 185.0
3325 NI 39 0 5 2 68.3013 23.9459 41.56 967.71 32.0 171.6
3325 NI 39 0 5 3 68.1792 24.273 38.67 971.59 30.2 158.2
3325 NI 39 0 5 4 68.3722 24.4766 34.63 977.65 28.4 144.8
3325 NI 39 0 5 5 68.648 24.6349 31.36 981.71 26.6 131.4
3325 NI 39 0 5 6 68.8076 24.8314 28.65 985.66 24.8 118.1
3325 NI 39 0 5 7 68.9167 24.9967 26.38 988.88 23.1 104.7
3325 NI 39 0 5 8 68.9937 25.0913 24.43 991.95 21.3 83.1
3325 NI 39 0 5 9 69.3355 25.2085 22.76 994.02 21.3 62.2
3325 NI 39 0 5 10 69.5953 25.485 21.3 996.25 21.3 47.4
3325 NI 39 0 5 11 69.79 25.8132 20.01 997.52 21.3 36.8
3325 NI 39 0 5 12 69.9845 26.077 18.88 999.33 21.3 29.0
3325 NI 39 0 5 13 70.163 26.3321 17.86 1000.26 21.3 23.1
3326 NI 40 0 10 0 86.2785 16.5727 63.36 927.15 37.9 200.7
3326 NI 40 0 10 1 86.041 16.856 59.55 933.7 42.7 201.9
3326 NI 40 0 10 2 85.8611 17.0094 56.17 939.33 47.5 203.1
3326 NI 40 0 10 3 85.6873 17.149 53.15 944.27 52.2 204.3
3326 NI 40 0 10 4 85.5437 17.346 50.44 948.56 57.0 205.5
3326 NI 40 0 10 5 85.5837 17.5856 48.0 952.34 61.8 206.7
3326 NI 40 0 10 6 85.6262 17.8327 45.78 955.73 66.5 207.9
3326 NI 40 0 10 7 85.9163 17.9935 43.75 958.74 71.3 209.1
3326 NI 40 0 10 8 86.2588 18.1693 41.9 961.48 76.1 210.3
3326 NI 40 0 10 9 86.5908 18.3607 40.2 963.93 80.8 211.5
3326 NI 40 0 10 10 86.9414 18.5489 38.63 966.14 85.6 212.7
3326 NI 40 0 10 11 87.295 18.6936 37.18 968.19 90.3 213.9
3326 NI 40 0 10 12 87.6839 18.8426 35.83 970.04 95.1 215.1
3326 NI 40 0 10 13 88.0152 18.811 34.58 971.79 99.9 216.3
3326 NI 40 0 10 14 88.7065 19.0793 33.41 973.34 104.6 217.5
3326 NI 40 0 10 15 89.4038 19.4165 32.32 974.82 109.4 218.7
3326 NI 40 0 10 16 89.9891 19.716 31.3 976.16 114.2 219.9
3326 NI 40 0 10 17 90.3804 19.8843 30.34 977.4 118.9 221.1
3326 NI 40 0 10 18 90.9716 20.1526 29.44 978.57 123.7 222.3
3326 NI 40 0 10 19 91.5551 20.4193 28.59 979.61 128.5 223.5
3326 NI 40 0 10 20 92.1306 20.6843 27.78 980.68 133.2 224.7
3326 NI 40 0 10 21 92.6977 20.9478 27.02 981.94 138.0 225.9
3326 NI 40 0 10 22 93.2569 21.2097 26.31 983.8 142.8 227.0
3326 NI 40 0 10 23 93.8225 21.4701 24.53 988.64 147.5 223.0
3326 NI 40 0 10 24 94.383 21.7289 22.98 988.17 147.5 205.9
3326 NI 40 0 10 25 94.9376 21.9856 21.62 989.6 147.5 191.0
3326 NI 40 0 10 26 95.4863 22.2382 20.41 991.43 147.5 178.0
3326 NI 40 0 10 27 96.0612 22.4908 19.32 993.34 147.5 166.5
3326 NI 40 0 10 28 96.6346 22.7394 18.35 996.88 147.5 156.3
3327 NI 40 1 10 0 84.3726 17.2614 44.04 964.06 9.5 98.7
3327 NI 40 1 10 1 83.9853 17.6863 43.43 964.38 20.7 117.6
3327 NI 40 1 10 2 83.6556 17.9812 42.84 964.72 32.0 136.5
3327 NI 40 1 10 3 83.332 18.2623 42.27 966.41 43.3 155.4
3327 NI 40 1 10 4 83.0386 18.601 41.71 966.61 54.5 174.3
3327 NI 40 1 10 5 82.9288 18.9821 32.56 979.55 65.8 193.2
3327 NI 40 1 10 6 82.8216 19.3708 26.7 986.31 77.1 212.1
3327 NI 40 1 10 7 82.9619 19.6731 22.63 992.36 77.1 159.9
3327 NI 40 1 10 8 83.1545 19.9905 19.64 997.48 77.1 106.9
3328 NI 40 2 5 0 84.5595 17.7258 60.74 935.14 24.6 160.7
3328 NI 40 2 5 1 84.6575 18.0127 57.14 940.83 27.0 173.5
3328 NI 40 2 5 2 84.7928 18.3497 53.95 945.48 29.5 186.3
3328 NI 40 2 5 3 85.0269 18.6967 51.09 949.37 31.9 199.1
3328 NI 40 2 5 4 85.3261 19.1236 48.52 952.98 34.4 211.9
3328 NI 40 2 5 5 85.5391 19.5993 46.2 956.0 36.8 224.7
3328 NI 40 2 5 6 85.7594 20.1475 44.09 958.3 39.3 237.4
3328 NI 40 2 5 7 85.9462 20.5918 42.16 960.8 41.7 250.2
3328 NI 40 2 5 8 86.3926 21.0714 36.09 968.94 44.1 263.0
3328 NI 40 2 5 9 86.7907 21.4548 31.55 974.76 46.6 275.8
3328 NI 40 2 5 10 87.3259 21.8453 28.03 978.76 49.0 288.6
3328 NI 40 2 5 11 88.0178 22.3959 25.21 982.18 51.5 301.4
3328 NI 40 2 5 12 88.4164 22.9478 22.91 988.18 51.5 195.5
3328 NI 40 2 5 13 88.9713 23.4172 20.99 992.62 51.5 126.8
3328 NI 40 2 5 14 89.4675 24.0181 19.37 995.92 51.5 85.2
3328 NI 40 2 5 15 89.9498 24.4343 17.98 998.61 51.5 58.9
3329 NI 40 3 11 0 89.8942 20.4848 73.45 905.01 21.6 600.0
3329 NI 40 3 11 1 90.0064 21.125 71.55 910.87 25.5 523.7
3329 NI 40 3 11 2 90.1781 22.0154 69.75 916.36 29.3 447.4
3329 NI 40 3 11 3 90.6975 22.6521 68.03 921.68 33.2 371.1
3329 NI 40 3 11 4 91.5334 23.5389 43.13 965.13 37.0 294.8
3329 NI 40 3 11 5 92.0997 24.4624 31.57 983.73 40.9 218.5
3329 NI 40 3 11 6 92.3459 24.7433 24.9 994.77 44.7 140.4
3329 NI 40 3 11 7 92.9379 25.467 20.56 1003.18 44.7 75.4
3329 NI 40 3 11 8 93.498 26.1707 17.5 1007.55 44.7 44.8
3330 NI 40 4 12 0 82.148 13.1174 60.98 934.02 30.0 165.6
3330 NI 40 4 12 1 81.8987 13.244 57.29 940.51 32.6 165.4
3330 NI 40 4 12 2 81.5464 13.3308 54.01 946.02 35.1 165.3
3330 NI 40 4 12 3 81.1 13.3972 51.1 950.84 37.7 165.2
3330 NI 40 4 12 4 80.6794 13.4237 48.48 955.12 40.2 165.1
3330 NI 40 4 12 5 80.2513 13.4503 46.12 959.01 42.8 164.9
3330 NI 40 4 12 6 79.8482 13.4805 43.97 962.66 45.3 164.8
3330 NI 40 4 12 7 79.4311 13.4892 36.65 973.36 47.9 164.7
3330 NI 40 4 12 8 78.9395 13.5409 31.42 981.09 50.4 164.6
3330 NI 40 4 12 9 78.4438 13.6366 27.5 986.52 53.0 164.5
3330 NI 40 4 12 10 78.0544 13.768 24.44 990.85 55.5 153.5
3330 NI 40 4 12 11 77.7051 13.8097 22.0 994.89 55.5 111.4
3330 NI 40 4 12 12 77.2633 13.9213 20.0 997.9 55.5 83.4
3330 NI 40 4 12 13 76.8064 14.0629 18.34 1000.22 55.5 64.0
3331 NI 45 0 11 0 63.2974 20.3951 74.99 921.39 12.8 87.8
3331 NI 45 0 11 1 63.0889 20.5463 72.55 925.92 13.8 90.3
3331 NI 45 0 11 2 62.9755 20.6325 70.26 930.22 14.9 92.8
3331 NI 45 0 11 3 62.9133 20.7512 68.12 934.07 15.9 95.3
3331 NI 45 0 11 4 62.9536 20.8699 66.1 937.63 16.9 97.8
3331 NI 45 0 11 5 63.0164 20.9211 64.19 940.95 18.0 100.3
3331 NI 45 0 11 6 63.2317 20.9574 62.4 944.03 19.0 102.8
3331 NI 45 0 11 7 63.4595 20.9799 60.7 946.82 20.0 105.3
3331 NI 45 0 11 8 63.9098 20.9948 59.09 949.42 21.1 107.8
3331 NI 45 0 11 9 64.3238 21.0172 57.56 951.93 22.1 110.3
3331 NI 45 0 11 10 64.5879 21.0323 56.12 954.19 23.1 112.8
3331 NI 45 0 11 11 64.9619 21.0296 54.74 956.3 24.2 115.3
3331 NI 45 0 11 12 65.2159 20.9697 53.43 958.39 25.2 117.8
3331 NI 45 0 11 13 65.715 20.9172 52.18 960.26 26.2 120.3
3331 NI 45 0 11 14 66.244 20.9572 50.98 961.98 27.3 122.8
3331 NI 45 0 11 15 66.7758 20.9608 49.84 963.6 28.3 125.3
3331 NI 45 0 11 16 67.0721 20.9446 48.75 965.14 29.3 127.7
3331 NI 45 0 11 17 67.6085 21.0122 47.71 966.55 30.3 130.2
3331 NI 45 0 11 18 68.1002 21.132 46.71 968.02 31.4 132.7
3331 NI 45 0 11 19 68.5136 21.3733 45.75 969.24 32.4 135.2
3331 NI 45 0 11 20 68.7783 21.5361 44.83 970.54 33.4 137.7
3331 NI 45 0 11 21 69.1115 21.6663 43.95 971.78 34.5 140.2
3331 NI 45 0 11 22 69.5564 21.7069 43.1 972.93 35.5 142.7
3331 NI 45 0 11 23 69.8902 21.8481 42.28 974.05 36.5 145.2
3331 NI 45 0 11 24 70.1345 21.9444 37.58 980.8 37.6 147.7
3331 NI 45 0 11 25 70.2611 21.8855 33.82 986.0 38.6 150.2
3331 NI 45 0 11 26 70.3125 21.7818 30.75 990.11 39.6 152.7
3331 NI 45 0 11 27 70.3741 21.7205 28.18 993.43 40.7 155.2
3331 NI 45 0 11 28 70.3906 21.7192 26.02 996.16 41.7 157.7
3331 NI 45 0 11 29 70.3597 21.8304 24.16 998.96 42.7 141.1
3331 NI 45 0 11 30 70.2687 21.9567 22.55 1001.87 42.7 109.2
3331 NI 45 0 11 31 70.1078 21.9979 21.14 1004.27 42.7 86.0
3331 NI 45 0 11 32 69.9468 21.9941 19.89 1006.27 42.7 68.7
3331 NI 45 0 11 33 69.9009 21.9853 18.79 1007.97 42.7 55.6
3331 NI 45 0 11 34 69.8249 21.9316 17.8 1009.44 42.7 45.5
3332 NI 45 1 5 0 92.3639 18.4641 53.4 953.13 46.1 171.9
3332 NI 45 1 5 1 93.2313 18.4389 51.65 954.7 63.0 222.5
3332 NI 45 1 5 2 94.0719 18.4291 50.0 956.08 80.0 273.2
3332 NI 45 1 5 3 94.7681 18.4765 48.46 958.1 97.0 323.9
3332 NI 45 1 5 4 95.3381 18.5745 47.01 957.61 113.9 374.6
3332 NI 45 1 5 5 95.8179 18.6972 21.85 995.35 130.9 272.4
3333 NI 45 2 9 0 91.7432 21.4723 63.75 917.36 5.0 142.9
3333 NI 45 2 9 1 92.1846 21.9291 62.2 920.57 9.5 137.4
3333 NI 45 2 9 2 93.0196 22.4204 60.72 926.07 14.1 131.9
3333 NI 45 2 9 3 93.3628 22.9128 35.75 964.93 18.6 126.4
3333 NI 45 2 9 4 93.8267 23.2671 25.33 979.55 23.1 120.9
3333 NI 45 2 9 5 94.4196 23.6395 19.61 985.99 23.1 39.2
3334 NI 45 3 11 0 84.2682 16.3466 56.12 939.67 50.7 377.9
3334 NI 45 3 11 1 83.9489 16.9712 55.82 940.95 53.3 353.8
3334 NI 45 3 11 2 83.6487 17.9446 55.52 942.43 55.9 329.7
3334 NI 45 3 11 3 83.4092 19.0306 55.23 944.16 58.5 305.6
3334 NI 45 3 11 4 83.3473 19.7183 54.94 945.66 61.1 281.5
3334 NI 45 3 11 5 83.4017 20.2044 40.87 968.09 63.7 257.4
3334 NI 45 3 11 6 83.4461 20.2377 32.53 980.57 66.3 233.3
3334 NI 45 3 11 7 84.5155 20.821 27.02 988.43 68.9 209.2
3334 NI 45 3 11 8 84.7921 21.2686 23.11 995.16 71.5 150.1
3334 NI 45 3 11 9 85.0805 21.7051 20.19 1000.39 71.5 104.7
3334 NI 45 3 11 10 85.3817 22.1307 17.92 1003.85 71.5 76.2
3335 NI 46 0 5 0 87.1286 19.8565 37.58 967.03 17.6 96.8
3335 NI 46 0 5 1 87.1187 20.11 36.64 968.02 26.7 106.6
3335 NI 46 0 5 2 87.0295 20.4363 35.74 968.66 35.8 116.3
3335 NI 46 0 5 3 86.8032 21.0364 34.89 968.85 44.9 126.1
3335 NI 46 0 5 4 86.5304 21.566 34.07 969.61 53.9 135.8
3335 NI 46 0 5 5 86.348 21.907 29.4 976.82 63.0 145.6
3335 NI 46 0 5 6 86.2313 22.1958 25.86 979.82 72.1 155.3
3335 NI 46 0 5 7 85.9094 22.617 23.08 983.95 72.1 130.8
3335 NI 46 0 5 8 85.7322 23.0256 20.84 987.41 72.1 105.0
3335 NI 46 0 5 9 85.7255 23.4441 18.99 990.2 72.1 86.0
3336 NI 47 0 11 0 70.3506 18.7454 81.27 900.06 18.3 193.3
3336 NI 47 0 11 1 70.7622 19.3579 78.98 904.69 20.0 187.6
3336 NI 47 0 11 2 71.2081 19.9262 76.81 909.03 21.7 182.0
3336 NI 47 0 11 3 71.6877 20.4269 74.75 913.11 23.4 176.3
3336 NI 47 0 11 4 72.2212 20.8118 72.81 916.99 25.1 170.7
3336 NI 47 0 11 5 72.8069 21.0762 70.96 920.46 26.8 165.0
3336 NI 47 0 11 6 73.4267 21.2658 69.2 924.4 28.4 159.4
3336 NI 47 0 11 7 73.9814 21.6007 67.53 927.91 30.1 153.7
3336 NI 47 0 11 8 74.5394 21.9269 46.73 963.55 31.8 148.1
3336 NI 47 0 11 9 75.1007 22.2443 35.73 979.96 33.5 142.4
3336 NI 47 0 11 10 75.677 22.5526 28.92 989.48 35.2 136.8
3336 NI 47 0 11 11 76.2607 22.8521 24.29 996.31 36.9 118.3
3336 NI 47 0 11 12 76.853 23.142 20.94 1001.88 36.9 69.7
3336 NI 47 0 11 13 77.4731 23.4222 18.4 1005.75 36.9 44.0
3337 NI 48 0 11 0 80.9875 11.7905 35.85 985.39 38.1 136.0
3337 NI 48 0 11 1 80.4459 11.5226 33.33 988.48 50.2 150.8
3337 NI 48 0 11 2 79.9243 11.3199 31.13 991.18 62.3 165.5
3337 NI 48 0 11 3 79.2578 11.1208 29.21 993.54 74.4 180.3
3337 NI 48 0 11 4 78.4611 10.9494 27.51 995.49 86.5 195.1
3337 NI 48 0 11 5 77.7552 10.5953 24.09 1001.44 98.5 194.0
3337 NI 48 0 11 6 77.1479 10.1788 21.43 1006.81 98.5 151.4
3337 NI 48 0 11 7 76.6227 9.8458 19.3 1007.67 98.5 121.2
3337 NI 48 0 11 8 76.1348 9.5582 17.55 1010.11 98.5 99.2
